3.001000 
3.018000 
3.016000 
3.008000 
3.014000 
3.004000 
3.014000 
3.016000 
3.018000 
3.010000 
3.019000 
3.002000 
3.011000 
3.019000 
3.014000 
3.005000 
3.009000 
3.023000 
3.014000 
3.015000 
3.000000 
3.017000 
3.023000 
3.018000 
3.021000 
3.003000 
3.014000 
3.013000 
3.018000 
3.008000 
3.011000 
3.019000 
3.016000 
3.000000 
3.026000 
3.014000 
3.024000 
3.004000 
3.015000 
3.016000 
3.016000 
3.024000 
3.004000 
3.007000 
3.016000 
3.001000 
3.024000 
3.011000 
3.023000 
3.001000 
3.014000 
3.011000 
3.031000 
3.009000 
3.018000 
3.019000 
3.006000 
3.012000 
3.007000 
3.009000 
3.006000 
3.015000 
3.027000 
3.014000 
3.013000 
3.016000 
3.001000 
3.022000 
3.011000 
3.015000 
3.021000 
3.027000 
3.011000 
3.000000 
3.012000 
3.024000 
3.025000 
3.015000 
3.015000 
3.021000 
3.034000 
3.005000 
3.020000 
3.021000 
3.014000 
3.018000 
3.029000 
3.014000 
3.021000 
3.023000 
3.026000 
3.015000 
3.020000 
3.031000 
3.028000 
3.017000 
3.030000 
3.024000 
3.026000 
3.019000 
3.015000 
3.037000 
3.030000 
3.033000 
3.023000 
3.018000 
3.032000 
3.011000 
3.018000 
3.001000 
3.021000 
3.034000 
3.010000 
3.030000 
3.004000 
3.021000 
3.021000 
3.016000 
3.031000 
3.009000 
2.999000 
3.008000 
3.022000 
2.998000 
3.024000 
3.008000 
3.014000 
3.038000 
3.010000 
3.007000 
3.006000 
3.023000 
3.011000 
3.019000 
3.022000 
3.026000 
3.018000 
3.018000 
3.012000 
3.017000 
3.027000 
3.014000 
3.019000 
3.026000 
3.023000 
3.013000 
3.015000 
3.022000 
3.003000 
3.026000 
3.020000 
3.028000 
3.014000 
3.018000 
3.019000 
3.012000 
3.012000 
3.015000 
3.022000 
3.014000 
3.006000 
3.011000 
3.027000 
3.010000 
3.016000 
3.027000 
3.019000 
3.016000 
3.009000 
3.033000 
2.996000 
3.018000 
3.042000 
3.018000 
3.019000 
3.017000 
3.017000 
3.026000 
3.011000 
3.014000 
3.015000 
3.001000 
3.019000 
3.013000 
3.021000 
3.010000 
3.016000 
3.006000 
3.020000 
3.020000 
3.022000 
3.011000 
3.019000 
2.999000 
3.024000 
3.005000 
3.016000 
3.013000 
3.007000 
3.011000 
3.011000 
3.034000 
3.006000 
3.020000 
3.008000 
3.000000 
3.022000 
3.027000 
3.025000 
3.014000 
3.019000 
3.017000 
3.031000 
2.993000 
3.012000 
3.015000 
3.012000 
3.029000 
3.002000 
3.009000 
2.999000 
3.024000 
3.018000 
3.011000 
3.011000 
3.004000 
3.027000 
2.997000 
3.007000 
3.022000 
3.019000 
2.999000 
3.015000 
3.022000 
3.006000 
3.023000 
3.015000 
3.019000 
3.019000 
3.016000 
3.011000 
3.013000 
3.010000 
3.017000 
3.017000 
3.022000 
3.011000 
3.018000 
3.018000 
3.010000 
3.005000 
3.016000 
3.019000 
3.002000 
3.005000 
3.007000 
3.018000 
3.027000 
3.013000 
3.010000 
3.017000 
3.017000 
3.015000 
3.007000 
3.027000 
3.020000 
2.993000 
3.012000 
3.008000 
3.016000 
3.023000 
3.016000 
3.011000 
3.020000 
3.024000 
3.027000 
3.004000 
3.006000 
3.023000 
3.007000 
3.033000 
3.009000 
3.012000 
3.019000 
3.012000 
3.015000 
3.021000 
3.011000 
3.013000 
3.011000 
3.019000 
3.020000 
3.001000 
3.015000 
3.007000 
3.020000 
3.010000 
3.037000 
3.005000 
3.003000 
