1.961000 
1.958000 
1.969000 
1.955000 
1.968000 
1.977000 
1.954000 
1.960000 
1.954000 
1.967000 
1.972000 
1.964000 
1.962000 
1.958000 
1.965000 
1.974000 
1.968000 
1.958000 
1.963000 
1.964000 
1.972000 
1.955000 
1.964000 
1.962000 
1.965000 
1.961000 
1.962000 
1.971000 
1.971000 
1.977000 
1.964000 
1.971000 
1.969000 
1.961000 
1.962000 
1.960000 
1.968000 
1.966000 
1.960000 
1.958000 
1.969000 
1.976000 
1.960000 
1.967000 
1.965000 
1.960000 
1.967000 
1.956000 
1.969000 
1.965000 
1.952000 
1.969000 
1.966000 
1.962000 
1.960000 
1.964000 
1.961000 
1.961000 
1.969000 
1.964000 
1.969000 
1.972000 
1.963000 
1.966000 
1.962000 
1.978000 
1.963000 
1.955000 
1.984000 
1.963000 
1.952000 
1.967000 
1.973000 
1.968000 
1.969000 
1.955000 
1.974000 
1.955000 
1.964000 
1.967000 
1.974000 
1.965000 
1.961000 
1.969000 
1.951000 
1.989000 
1.964000 
1.975000 
1.969000 
1.973000 
1.973000 
1.972000 
1.966000 
1.968000 
1.973000 
1.970000 
1.972000 
1.955000 
1.968000 
1.967000 
1.965000 
1.971000 
1.966000 
1.957000 
1.968000 
1.964000 
1.969000 
1.948000 
1.961000 
1.960000 
1.956000 
1.964000 
1.967000 
1.957000 
1.961000 
1.969000 
1.966000 
1.977000 
1.968000 
1.960000 
1.970000 
1.966000 
1.955000 
1.956000 
1.968000 
1.970000 
1.972000 
1.957000 
1.969000 
1.956000 
1.958000 
1.969000 
1.958000 
1.964000 
1.964000 
1.965000 
1.964000 
1.963000 
1.968000 
1.973000 
1.964000 
1.951000 
1.964000 
1.971000 
1.966000 
1.960000 
1.968000 
1.958000 
1.970000 
1.968000 
1.956000 
1.963000 
1.972000 
1.966000 
1.974000 
1.962000 
1.967000 
1.951000 
1.967000 
1.960000 
1.959000 
1.973000 
1.975000 
1.977000 
1.969000 
1.982000 
1.974000 
1.958000 
1.970000 
1.986000 
1.974000 
1.959000 
1.970000 
1.966000 
1.953000 
1.975000 
1.967000 
1.967000 
1.966000 
1.948000 
1.958000 
1.955000 
1.966000 
1.968000 
1.976000 
1.962000 
1.962000 
1.967000 
1.966000 
1.972000 
1.963000 
1.969000 
1.971000 
1.968000 
1.952000 
1.959000 
1.967000 
1.951000 
1.958000 
1.947000 
1.966000 
1.975000 
1.965000 
1.964000 
1.956000 
1.959000 
1.966000 
1.959000 
1.961000 
1.968000 
1.971000 
1.963000 
1.967000 
1.957000 
1.966000 
1.970000 
1.965000 
1.965000 
1.958000 
1.968000 
1.966000 
1.955000 
1.964000 
1.968000 
1.954000 
1.965000 
1.959000 
1.970000 
1.956000 
1.965000 
1.973000 
1.975000 
1.957000 
1.954000 
1.962000 
1.972000 
1.966000 
1.960000 
1.974000 
1.970000 
1.969000 
1.976000 
1.975000 
1.966000 
1.968000 
1.960000 
1.954000 
1.963000 
1.968000 
1.979000 
1.968000 
1.964000 
1.960000 
1.963000 
1.957000 
1.970000 
1.965000 
1.960000 
1.959000 
1.965000 
1.965000 
1.962000 
1.963000 
1.958000 
1.967000 
1.958000 
1.977000 
1.970000 
1.963000 
1.957000 
1.969000 
1.977000 
1.966000 
1.964000 
1.973000 
1.964000 
1.962000 
1.971000 
1.966000 
1.975000 
1.960000 
1.952000 
1.963000 
1.960000 
1.958000 
1.962000 
1.965000 
1.967000 
1.971000 
1.962000 
1.963000 
1.961000 
1.965000 
1.963000 
1.965000 
1.964000 
1.962000 
1.968000 
1.965000 
1.961000 
