0.704000 
0.732000 
0.720000 
0.738000 
0.729000 
0.727000 
0.715000 
0.731000 
0.720000 
0.721000 
0.730000 
0.740000 
0.739000 
0.725000 
0.733000 
0.731000 
0.743000 
0.731000 
0.722000 
0.725000 
0.731000 
0.729000 
0.728000 
0.736000 
0.728000 
0.729000 
0.720000 
0.740000 
0.728000 
0.723000 
0.741000 
0.731000 
0.727000 
0.723000 
0.732000 
0.724000 
0.738000 
0.735000 
0.719000 
0.730000 
0.721000 
0.726000 
0.730000 
0.727000 
0.734000 
0.714000 
0.724000 
0.735000 
0.730000 
0.733000 
0.709000 
0.729000 
0.726000 
0.739000 
0.734000 
0.740000 
0.733000 
0.731000 
0.718000 
0.722000 
0.731000 
0.739000 
0.728000 
0.684000 
0.725000 
0.738000 
0.733000 
0.720000 
0.733000 
0.726000 
0.733000 
0.732000 
0.729000 
0.740000 
0.730000 
0.699000 
0.735000 
0.726000 
0.733000 
0.737000 
0.740000 
0.722000 
0.740000 
0.729000 
0.741000 
0.731000 
0.729000 
0.733000 
0.729000 
0.728000 
0.743000 
0.733000 
0.725000 
0.734000 
0.679000 
0.729000 
0.725000 
0.739000 
0.728000 
0.740000 
0.721000 
0.728000 
0.725000 
0.727000 
0.730000 
0.728000 
0.737000 
0.737000 
0.735000 
0.731000 
0.727000 
0.733000 
0.735000 
0.727000 
0.722000 
0.724000 
0.732000 
0.733000 
0.726000 
0.735000 
0.726000 
0.735000 
0.725000 
0.735000 
0.724000 
0.733000 
0.728000 
0.725000 
0.733000 
0.739000 
0.739000 
0.734000 
0.727000 
0.714000 
0.728000 
0.730000 
0.737000 
0.734000 
0.744000 
0.725000 
0.728000 
0.746000 
0.735000 
0.737000 
0.730000 
0.739000 
0.723000 
0.730000 
0.736000 
0.737000 
0.727000 
0.742000 
0.738000 
0.735000 
0.732000 
0.729000 
0.731000 
0.726000 
0.730000 
0.751000 
0.746000 
0.716000 
0.736000 
0.737000 
0.732000 
0.742000 
0.729000 
0.741000 
0.736000 
0.732000 
0.736000 
0.737000 
0.752000 
0.724000 
0.736000 
0.742000 
0.729000 
0.735000 
0.732000 
0.725000 
0.731000 
0.736000 
0.734000 
0.725000 
0.730000 
0.730000 
0.732000 
0.730000 
0.719000 
0.734000 
0.726000 
0.744000 
0.730000 
0.744000 
0.735000 
0.731000 
0.733000 
0.730000 
0.730000 
0.740000 
0.728000 
0.727000 
0.741000 
0.728000 
0.730000 
0.728000 
0.733000 
0.733000 
0.741000 
0.715000 
0.730000 
0.736000 
0.733000 
0.735000 
0.729000 
0.730000 
0.741000 
0.735000 
0.729000 
0.731000 
0.730000 
0.729000 
0.728000 
0.723000 
0.747000 
0.726000 
0.730000 
0.746000 
0.743000 
0.733000 
0.750000 
0.736000 
0.735000 
0.723000 
0.742000 
0.724000 
0.724000 
0.723000 
0.734000 
0.734000 
0.732000 
0.730000 
0.729000 
0.736000 
0.733000 
0.750000 
0.726000 
0.729000 
0.732000 
0.745000 
0.738000 
0.734000 
0.722000 
0.720000 
0.733000 
0.733000 
0.717000 
0.729000 
0.742000 
0.725000 
0.733000 
0.730000 
0.742000 
0.731000 
0.729000 
0.738000 
0.739000 
0.744000 
0.739000 
0.741000 
0.731000 
0.735000 
0.735000 
0.730000 
0.728000 
0.729000 
0.736000 
0.726000 
0.723000 
0.729000 
0.757000 
0.736000 
0.747000 
0.749000 
0.731000 
0.738000 
0.727000 
0.727000 
0.731000 
0.728000 
0.739000 
0.739000 
0.741000 
0.724000 
0.732000 
0.736000 
0.741000 
0.737000 
0.723000 
0.750000 
