1.233000 
1.211000 
1.211000 
1.215000 
1.220000 
1.188000 
1.216000 
1.207000 
1.222000 
1.221000 
1.218000 
1.235000 
1.207000 
1.215000 
1.213000 
1.244000 
1.202000 
1.216000 
1.238000 
1.192000 
1.222000 
1.227000 
1.224000 
1.215000 
1.214000 
1.204000 
1.195000 
1.215000 
1.228000 
1.222000 
1.213000 
1.229000 
1.224000 
1.223000 
1.215000 
1.231000 
1.233000 
1.229000 
1.227000 
1.227000 
1.225000 
1.223000 
1.202000 
1.243000 
1.220000 
1.216000 
1.227000 
1.229000 
1.208000 
1.209000 
1.232000 
1.203000 
1.219000 
1.222000 
1.228000 
1.213000 
1.194000 
1.216000 
1.225000 
1.215000 
1.208000 
1.213000 
1.203000 
1.212000 
1.218000 
1.220000 
1.223000 
1.232000 
1.207000 
1.203000 
1.241000 
1.224000 
1.224000 
1.197000 
1.230000 
1.239000 
1.232000 
1.219000 
1.235000 
1.223000 
1.218000 
1.221000 
1.217000 
1.216000 
1.224000 
1.216000 
1.229000 
1.211000 
1.219000 
1.214000 
1.216000 
1.237000 
1.208000 
1.212000 
1.204000 
1.204000 
1.221000 
1.229000 
1.224000 
1.212000 
1.228000 
1.217000 
1.212000 
1.226000 
1.226000 
1.240000 
1.208000 
1.208000 
1.237000 
1.220000 
1.223000 
1.225000 
1.211000 
1.225000 
1.218000 
1.197000 
1.202000 
1.207000 
1.199000 
1.246000 
1.228000 
1.223000 
1.215000 
1.208000 
1.228000 
1.222000 
1.219000 
1.209000 
1.225000 
1.206000 
1.209000 
1.236000 
1.229000 
1.224000 
1.209000 
1.220000 
1.216000 
1.210000 
1.224000 
1.234000 
1.223000 
1.221000 
1.219000 
1.215000 
1.226000 
1.221000 
1.201000 
1.239000 
1.217000 
1.214000 
1.206000 
1.214000 
1.208000 
1.204000 
1.236000 
1.232000 
1.206000 
1.219000 
1.208000 
1.188000 
1.195000 
1.198000 
1.198000 
1.220000 
1.205000 
1.215000 
1.192000 
1.216000 
1.222000 
1.212000 
1.204000 
1.212000 
1.221000 
1.239000 
1.211000 
1.227000 
1.208000 
1.237000 
1.214000 
1.222000 
1.208000 
1.200000 
1.200000 
1.216000 
1.228000 
1.201000 
1.203000 
1.221000 
1.195000 
1.222000 
1.223000 
1.207000 
1.230000 
1.232000 
1.202000 
1.217000 
1.215000 
1.234000 
1.242000 
1.228000 
1.222000 
1.210000 
1.217000 
1.216000 
1.200000 
1.207000 
1.212000 
1.213000 
1.209000 
1.227000 
1.201000 
1.210000 
1.213000 
1.191000 
1.224000 
1.199000 
1.217000 
1.210000 
1.207000 
1.225000 
1.226000 
1.205000 
1.225000 
1.221000 
1.189000 
1.230000 
1.200000 
1.220000 
1.245000 
1.207000 
1.199000 
1.220000 
1.205000 
1.220000 
1.236000 
1.227000 
1.202000 
1.229000 
1.213000 
1.229000 
1.193000 
1.223000 
1.238000 
1.223000 
1.233000 
1.219000 
1.229000 
1.203000 
1.239000 
1.205000 
1.210000 
1.218000 
1.225000 
1.230000 
1.216000 
1.205000 
1.208000 
1.225000 
1.198000 
1.232000 
1.222000 
1.219000 
1.190000 
1.189000 
1.209000 
1.189000 
1.205000 
1.213000 
1.203000 
1.207000 
1.202000 
1.222000 
1.204000 
1.224000 
1.224000 
1.231000 
1.231000 
1.229000 
1.213000 
1.232000 
1.210000 
1.200000 
1.213000 
1.198000 
1.219000 
1.224000 
1.215000 
1.218000 
1.198000 
1.231000 
1.210000 
1.231000 
1.208000 
1.216000 
1.221000 
1.205000 
1.217000 
1.216000 
1.232000 
1.218000 
