1.489000 
1.485000 
1.482000 
1.493000 
1.472000 
1.482000 
1.485000 
1.472000 
1.464000 
1.484000 
1.497000 
1.472000 
1.493000 
1.496000 
1.480000 
1.485000 
1.487000 
1.496000 
1.485000 
1.479000 
1.466000 
1.490000 
1.485000 
1.479000 
1.490000 
1.490000 
1.478000 
1.506000 
1.496000 
1.487000 
1.491000 
1.487000 
1.486000 
1.474000 
1.491000 
1.478000 
1.490000 
1.484000 
1.480000 
1.490000 
1.491000 
1.482000 
1.487000 
1.490000 
1.488000 
1.471000 
1.492000 
1.492000 
1.490000 
1.491000 
1.489000 
1.499000 
1.470000 
1.483000 
1.489000 
1.483000 
1.483000 
1.487000 
1.498000 
1.496000 
1.489000 
1.494000 
1.473000 
1.491000 
1.481000 
1.493000 
1.489000 
1.483000 
1.489000 
1.490000 
1.483000 
1.486000 
1.494000 
1.489000 
1.494000 
1.485000 
1.484000 
1.481000 
1.492000 
1.483000 
1.479000 
1.481000 
1.486000 
1.488000 
1.490000 
1.483000 
1.488000 
1.480000 
1.473000 
1.488000 
1.476000 
1.473000 
1.483000 
1.482000 
1.491000 
1.487000 
1.490000 
1.488000 
1.499000 
1.485000 
1.491000 
1.473000 
1.482000 
1.484000 
1.475000 
1.481000 
1.489000 
1.509000 
1.481000 
1.488000 
1.488000 
1.491000 
1.488000 
1.494000 
1.487000 
1.493000 
1.498000 
1.486000 
1.486000 
1.492000 
1.476000 
1.488000 
1.474000 
1.495000 
1.484000 
1.492000 
1.484000 
1.485000 
1.484000 
1.475000 
1.473000 
1.478000 
1.491000 
1.493000 
1.494000 
1.496000 
1.487000 
1.492000 
1.482000 
1.491000 
1.472000 
1.493000 
1.472000 
1.493000 
1.481000 
1.482000 
1.476000 
1.482000 
1.482000 
1.489000 
1.483000 
1.489000 
1.485000 
1.491000 
1.479000 
1.480000 
1.491000 
1.491000 
1.486000 
1.480000 
1.490000 
1.491000 
1.480000 
1.484000 
1.492000 
1.493000 
1.483000 
1.471000 
1.480000 
1.478000 
1.489000 
1.481000 
1.484000 
1.490000 
1.489000 
1.488000 
1.493000 
1.496000 
1.491000 
1.484000 
1.492000 
1.491000 
1.481000 
1.479000 
1.484000 
1.485000 
1.491000 
1.473000 
1.497000 
1.481000 
1.490000 
1.476000 
1.484000 
1.471000 
1.483000 
1.491000 
1.482000 
1.472000 
1.492000 
1.494000 
1.493000 
1.477000 
1.474000 
1.483000 
1.491000 
1.490000 
1.488000 
1.481000 
1.491000 
1.484000 
1.492000 
1.482000 
1.483000 
1.488000 
1.496000 
1.491000 
1.494000 
1.475000 
1.481000 
1.469000 
1.504000 
1.481000 
1.475000 
1.480000 
1.499000 
1.473000 
1.488000 
1.469000 
1.489000 
1.480000 
1.496000 
1.506000 
1.502000 
1.495000 
1.488000 
1.485000 
1.478000 
1.484000 
1.474000 
1.489000 
1.490000 
1.474000 
1.488000 
1.495000 
1.482000 
1.479000 
1.498000 
1.479000 
1.493000 
1.482000 
1.491000 
1.474000 
1.487000 
1.482000 
1.493000 
1.481000 
1.485000 
1.495000 
1.483000 
1.485000 
1.491000 
1.492000 
1.475000 
1.487000 
1.495000 
1.486000 
1.494000 
1.476000 
1.487000 
1.498000 
1.482000 
1.495000 
1.495000 
1.494000 
1.488000 
1.489000 
1.487000 
1.486000 
1.484000 
1.490000 
1.485000 
1.493000 
1.488000 
1.490000 
1.495000 
1.480000 
1.493000 
1.475000 
1.487000 
1.484000 
1.486000 
1.481000 
1.486000 
1.498000 
1.481000 
1.489000 
1.485000 
1.489000 
1.489000 
1.466000 
