3.792000 
3.811000 
3.805000 
3.804000 
3.819000 
3.809000 
3.842000 
3.838000 
3.808000 
3.815000 
3.820000 
3.787000 
3.824000 
3.823000 
3.811000 
3.819000 
3.802000 
3.819000 
3.801000 
3.815000 
3.809000 
3.795000 
3.801000 
3.822000 
3.783000 
3.786000 
3.786000 
3.818000 
3.834000 
3.789000 
3.836000 
3.811000 
3.803000 
3.833000 
3.794000 
3.808000 
3.787000 
3.803000 
3.789000 
3.811000 
3.805000 
3.815000 
3.812000 
3.794000 
3.807000 
3.808000 
3.832000 
3.781000 
3.846000 
3.803000 
3.826000 
3.816000 
3.809000 
3.800000 
3.802000 
3.802000 
3.791000 
3.783000 
3.814000 
3.771000 
3.804000 
3.815000 
3.808000 
3.788000 
3.800000 
3.826000 
3.817000 
3.823000 
3.842000 
3.805000 
3.798000 
3.827000 
3.820000 
3.791000 
3.810000 
3.790000 
3.809000 
3.764000 
3.806000 
3.815000 
3.811000 
3.816000 
3.814000 
3.798000 
3.797000 
3.807000 
3.799000 
3.794000 
3.815000 
3.839000 
3.805000 
3.815000 
3.833000 
3.770000 
3.793000 
3.819000 
3.789000 
3.809000 
3.773000 
3.833000 
3.806000 
3.802000 
3.799000 
3.827000 
3.812000 
3.849000 
3.841000 
3.791000 
3.803000 
3.779000 
3.799000 
3.813000 
3.818000 
3.775000 
3.820000 
3.781000 
3.811000 
3.797000 
3.797000 
3.788000 
3.777000 
3.816000 
3.801000 
3.826000 
3.793000 
3.774000 
3.796000 
3.830000 
3.791000 
3.816000 
3.777000 
3.811000 
3.783000 
3.802000 
3.802000 
3.836000 
3.822000 
3.808000 
3.822000 
3.844000 
3.803000 
3.825000 
3.806000 
3.806000 
3.778000 
3.793000 
3.810000 
3.804000 
3.820000 
3.815000 
3.811000 
3.830000 
3.808000 
3.809000 
3.824000 
3.806000 
3.801000 
3.836000 
3.808000 
3.798000 
3.808000 
3.800000 
3.831000 
3.760000 
3.823000 
3.787000 
3.811000 
3.782000 
3.775000 
3.799000 
3.826000 
3.792000 
3.800000 
3.834000 
3.852000 
3.793000 
3.813000 
3.803000 
3.805000 
3.793000 
3.836000 
3.816000 
3.805000 
3.819000 
3.821000 
3.811000 
3.803000 
3.801000 
3.799000 
3.789000 
3.824000 
3.811000 
3.806000 
3.776000 
3.790000 
3.797000 
3.795000 
3.814000 
3.812000 
3.811000 
3.852000 
3.796000 
3.797000 
3.806000 
3.810000 
3.776000 
3.791000 
3.822000 
3.803000 
3.822000 
3.828000 
3.796000 
3.779000 
3.819000 
3.819000 
3.840000 
3.810000 
3.804000 
3.802000 
3.812000 
3.796000 
3.819000 
3.799000 
3.842000 
3.802000 
3.826000 
3.799000 
3.815000 
3.793000 
3.775000 
3.819000 
3.778000 
3.812000 
3.814000 
3.820000 
3.825000 
3.804000 
3.758000 
3.835000 
3.791000 
3.812000 
3.825000 
3.787000 
3.820000 
3.814000 
3.824000 
3.819000 
3.808000 
3.835000 
3.793000 
3.831000 
3.796000 
3.831000 
3.815000 
3.813000 
3.821000 
3.836000 
3.782000 
3.810000 
3.814000 
3.823000 
3.778000 
3.813000 
3.786000 
3.817000 
3.784000 
3.783000 
3.828000 
3.819000 
3.822000 
3.818000 
3.819000 
3.819000 
3.784000 
3.788000 
3.786000 
3.814000 
3.801000 
3.811000 
3.786000 
3.809000 
3.791000 
3.816000 
3.800000 
3.803000 
3.852000 
3.814000 
3.791000 
3.815000 
3.801000 
3.783000 
3.855000 
3.809000 
3.819000 
3.827000 
3.808000 
3.795000 
3.828000 
3.778000 
3.787000 
