1.472000 
1.388000 
1.577000 
1.357000 
1.405000 
1.477000 
1.565000 
1.318000 
1.523000 
1.355000 
1.527000 
1.321000 
1.533000 
1.455000 
1.490000 
1.523000 
1.332000 
1.440000 
1.424000 
1.201000 
1.358000 
1.495000 
1.467000 
1.295000 
1.494000 
1.437000 
1.541000 
1.339000 
1.502000 
1.488000 
1.423000 
1.452000 
1.299000 
1.585000 
1.321000 
1.450000 
1.489000 
1.481000 
1.426000 
1.553000 
1.491000 
1.489000 
1.374000 
1.495000 
1.396000 
1.494000 
1.285000 
1.297000 
1.489000 
1.291000 
1.489000 
1.461000 
1.462000 
1.384000 
1.183000 
1.440000 
1.303000 
1.312000 
1.242000 
1.419000 
1.429000 
1.389000 
1.413000 
1.372000 
1.490000 
1.549000 
1.434000 
1.363000 
1.314000 
1.269000 
1.306000 
1.292000 
1.525000 
1.322000 
1.300000 
1.338000 
1.434000 
1.503000 
1.305000 
1.498000 
1.274000 
1.307000 
1.346000 
1.385000 
1.467000 
1.463000 
1.410000 
1.468000 
1.419000 
1.464000 
1.562000 
1.563000 
1.461000 
1.285000 
1.449000 
1.467000 
1.475000 
1.474000 
1.381000 
1.381000 
1.274000 
1.276000 
1.506000 
1.360000 
1.458000 
1.554000 
1.494000 
1.579000 
1.519000 
1.381000 
1.519000 
1.416000 
1.417000 
1.496000 
1.459000 
1.478000 
1.382000 
1.439000 
1.393000 
1.304000 
1.484000 
1.381000 
1.341000 
1.428000 
1.546000 
1.276000 
1.367000 
1.404000 
1.408000 
1.331000 
1.516000 
1.433000 
1.377000 
1.334000 
1.455000 
1.372000 
1.376000 
1.418000 
1.372000 
1.459000 
1.224000 
1.275000 
1.396000 
1.402000 
1.428000 
1.581000 
1.291000 
1.608000 
1.354000 
1.438000 
1.453000 
1.395000 
1.393000 
1.456000 
1.403000 
1.263000 
1.366000 
1.375000 
1.332000 
1.214000 
1.358000 
1.251000 
1.447000 
1.339000 
1.092000 
1.240000 
1.527000 
1.538000 
1.386000 
1.403000 
1.365000 
1.472000 
1.304000 
1.303000 
1.375000 
1.561000 
1.497000 
1.311000 
1.400000 
1.285000 
1.521000 
1.495000 
1.466000 
1.355000 
1.485000 
1.505000 
1.445000 
1.420000 
1.561000 
1.481000 
1.382000 
1.512000 
1.346000 
1.462000 
1.436000 
1.418000 
1.340000 
1.462000 
1.506000 
1.411000 
1.498000 
1.508000 
1.458000 
1.452000 
1.392000 
1.326000 
1.343000 
1.338000 
1.424000 
1.552000 
1.322000 
1.452000 
1.362000 
1.361000 
1.396000 
1.223000 
1.504000 
1.631000 
1.553000 
1.418000 
1.461000 
1.303000 
1.513000 
1.331000 
1.378000 
1.485000 
1.411000 
1.501000 
1.284000 
1.332000 
1.220000 
1.408000 
1.424000 
1.380000 
1.251000 
1.480000 
1.182000 
1.380000 
1.501000 
1.419000 
1.381000 
1.354000 
1.326000 
1.556000 
1.471000 
1.197000 
1.270000 
1.495000 
1.471000 
1.389000 
1.313000 
1.276000 
1.363000 
1.275000 
1.446000 
1.461000 
1.376000 
1.369000 
1.413000 
1.443000 
1.573000 
1.306000 
1.501000 
1.317000 
1.457000 
1.392000 
1.445000 
1.354000 
1.528000 
1.408000 
1.382000 
1.284000 
1.419000 
1.493000 
1.457000 
1.415000 
1.346000 
1.551000 
1.332000 
1.421000 
1.313000 
1.253000 
1.313000 
1.348000 
1.452000 
1.578000 
1.351000 
1.274000 
1.533000 
1.304000 
1.518000 
1.513000 
1.555000 
1.448000 
1.356000 
1.364000 
1.412000 
1.449000 
1.463000 
1.481000 
