1.613000 
1.393000 
1.524000 
1.393000 
1.536000 
1.498000 
1.425000 
1.432000 
1.411000 
1.462000 
1.575000 
1.478000 
1.487000 
1.339000 
1.495000 
1.470000 
1.398000 
1.475000 
1.491000 
1.445000 
1.598000 
1.340000 
1.426000 
1.486000 
1.549000 
1.586000 
1.465000 
1.596000 
1.425000 
1.419000 
1.532000 
1.621000 
1.401000 
1.508000 
1.568000 
1.471000 
1.483000 
1.575000 
1.301000 
1.519000 
1.538000 
1.405000 
1.470000 
1.456000 
1.460000 
1.557000 
1.442000 
1.315000 
1.491000 
1.338000 
1.350000 
1.477000 
1.454000 
1.339000 
1.294000 
1.489000 
1.489000 
1.514000 
1.482000 
1.431000 
1.446000 
1.455000 
1.373000 
1.483000 
1.618000 
1.312000 
1.459000 
1.565000 
1.357000 
1.365000 
1.353000 
1.520000 
1.336000 
1.378000 
1.374000 
1.366000 
1.536000 
1.499000 
1.585000 
1.440000 
1.200000 
1.539000 
1.363000 
1.362000 
1.543000 
1.633000 
1.387000 
1.409000 
1.493000 
1.430000 
1.618000 
1.374000 
1.341000 
1.294000 
1.467000 
1.426000 
1.622000 
1.471000 
1.341000 
1.610000 
1.480000 
1.601000 
1.520000 
1.440000 
1.256000 
1.453000 
1.427000 
1.382000 
1.348000 
1.500000 
1.249000 
1.299000 
1.363000 
1.457000 
1.554000 
1.127000 
1.431000 
1.496000 
1.428000 
1.510000 
1.510000 
1.469000 
1.459000 
1.568000 
1.540000 
1.311000 
1.513000 
1.492000 
1.518000 
1.550000 
1.416000 
1.411000 
1.527000 
1.430000 
1.378000 
1.634000 
1.276000 
1.373000 
1.332000 
1.524000 
1.416000 
1.334000 
1.526000 
1.536000 
1.286000 
1.496000 
1.294000 
1.281000 
1.453000 
1.445000 
1.410000 
1.401000 
1.332000 
1.505000 
1.531000 
1.484000 
1.557000 
1.528000 
1.333000 
1.261000 
1.373000 
1.375000 
1.483000 
1.346000 
1.144000 
1.454000 
1.431000 
1.564000 
1.626000 
1.438000 
1.639000 
1.345000 
1.507000 
1.339000 
1.568000 
1.513000 
1.421000 
1.327000 
1.398000 
1.547000 
1.429000 
1.167000 
1.547000 
1.308000 
1.418000 
1.550000 
1.451000 
1.474000 
1.430000 
1.328000 
1.580000 
1.349000 
1.537000 
1.461000 
1.435000 
1.586000 
1.403000 
1.448000 
1.428000 
1.545000 
1.361000 
1.574000 
1.430000 
1.535000 
1.358000 
1.533000 
1.348000 
1.463000 
1.520000 
1.305000 
1.419000 
1.336000 
1.526000 
1.416000 
1.357000 
1.460000 
1.446000 
1.549000 
1.565000 
1.469000 
1.588000 
1.465000 
1.312000 
1.445000 
1.464000 
1.544000 
1.405000 
1.414000 
1.335000 
1.559000 
1.397000 
1.288000 
1.397000 
1.392000 
1.594000 
1.488000 
1.561000 
1.256000 
1.495000 
1.286000 
1.254000 
1.385000 
1.597000 
1.503000 
1.563000 
1.378000 
1.332000 
1.358000 
1.395000 
1.540000 
1.603000 
1.420000 
1.471000 
1.607000 
1.485000 
1.378000 
1.511000 
1.371000 
1.466000 
1.463000 
1.451000 
1.358000 
1.411000 
1.559000 
1.532000 
1.347000 
1.485000 
1.349000 
1.460000 
1.448000 
1.462000 
1.512000 
1.473000 
1.382000 
1.250000 
1.357000 
1.422000 
1.454000 
1.406000 
1.481000 
1.430000 
1.453000 
1.340000 
1.523000 
1.501000 
1.481000 
1.470000 
1.367000 
1.429000 
1.461000 
1.584000 
1.403000 
1.302000 
1.389000 
1.447000 
1.538000 
1.419000 
1.464000 
1.230000 
1.495000 
