0.498000 
0.500000 
0.497000 
0.496000 
0.497000 
0.499000 
0.498000 
0.498000 
0.500000 
0.495000 
0.499000 
0.499000 
0.497000 
0.500000 
0.500000 
0.500000 
0.503000 
0.499000 
0.499000 
0.496000 
0.497000 
0.499000 
0.496000 
0.496000 
0.495000 
0.497000 
0.497000 
0.499000 
0.498000 
0.498000 
0.497000 
0.499000 
0.499000 
0.499000 
0.498000 
0.498000 
0.500000 
0.498000 
0.498000 
0.501000 
0.500000 
0.496000 
0.497000 
0.496000 
0.498000 
0.496000 
0.496000 
0.500000 
0.498000 
0.499000 
0.498000 
0.497000 
0.498000 
0.495000 
0.498000 
0.499000 
0.496000 
0.496000 
0.497000 
0.499000 
0.500000 
0.498000 
0.498000 
0.498000 
0.498000 
0.499000 
0.500000 
0.497000 
0.500000 
0.498000 
0.499000 
0.500000 
0.499000 
0.499000 
0.497000 
0.495000 
0.496000 
0.501000 
0.499000 
0.498000 
0.499000 
0.497000 
0.498000 
0.498000 
0.498000 
0.501000 
0.496000 
0.500000 
0.497000 
0.496000 
0.499000 
0.500000 
0.497000 
0.498000 
0.499000 
0.499000 
0.498000 
0.500000 
0.497000 
0.499000 
0.498000 
0.499000 
0.499000 
0.499000 
0.497000 
0.499000 
0.498000 
0.498000 
0.497000 
0.498000 
0.497000 
0.496000 
0.497000 
0.499000 
0.498000 
0.496000 
0.497000 
0.499000 
0.498000 
0.498000 
0.498000 
0.501000 
0.493000 
0.498000 
0.498000 
0.495000 
0.499000 
0.498000 
0.495000 
0.498000 
0.499000 
0.496000 
0.497000 
0.500000 
0.498000 
0.498000 
0.497000 
0.497000 
0.498000 
0.495000 
0.498000 
0.499000 
0.495000 
0.497000 
0.497000 
0.497000 
0.496000 
0.498000 
0.498000 
0.501000 
0.500000 
0.496000 
0.499000 
0.499000 
0.499000 
0.499000 
0.495000 
0.495000 
0.499000 
0.497000 
0.499000 
0.501000 
0.497000 
0.498000 
0.499000 
0.499000 
0.496000 
0.498000 
0.495000 
0.500000 
0.498000 
0.498000 
0.498000 
0.500000 
0.500000 
0.498000 
0.496000 
0.498000 
0.497000 
0.496000 
0.498000 
0.496000 
0.495000 
0.500000 
0.499000 
0.496000 
0.497000 
0.498000 
0.498000 
0.497000 
0.497000 
0.497000 
0.498000 
0.499000 
0.498000 
0.499000 
0.498000 
0.498000 
0.498000 
0.502000 
0.500000 
0.497000 
0.499000 
0.497000 
0.497000 
0.499000 
0.499000 
0.499000 
0.497000 
0.497000 
0.496000 
0.495000 
0.496000 
0.499000 
0.499000 
0.496000 
0.498000 
0.497000 
0.499000 
0.498000 
0.497000 
0.495000 
0.496000 
0.497000 
0.500000 
0.498000 
0.497000 
0.498000 
0.495000 
0.497000 
0.499000 
0.497000 
0.495000 
0.497000 
0.501000 
0.499000 
0.499000 
0.498000 
0.497000 
0.496000 
0.498000 
0.497000 
0.496000 
0.496000 
0.498000 
0.500000 
0.499000 
0.498000 
0.497000 
0.499000 
0.498000 
0.496000 
0.500000 
0.496000 
0.498000 
0.498000 
0.497000 
0.499000 
0.496000 
0.498000 
0.496000 
0.498000 
0.500000 
0.496000 
0.499000 
0.497000 
0.497000 
0.498000 
0.497000 
0.499000 
0.500000 
0.497000 
0.499000 
0.498000 
0.496000 
0.497000 
0.496000 
0.498000 
0.500000 
0.497000 
0.495000 
0.496000 
0.498000 
0.496000 
0.496000 
0.499000 
0.498000 
0.499000 
0.498000 
0.499000 
0.496000 
0.497000 
0.498000 
0.496000 
0.498000 
0.499000 
0.498000 
0.498000 
0.497000 
0.499000 
