0.249000 
0.248000 
0.247000 
0.248000 
0.247000 
0.247000 
0.249000 
0.249000 
0.247000 
0.248000 
0.247000 
0.248000 
0.247000 
0.247000 
0.248000 
0.246000 
0.248000 
0.247000 
0.250000 
0.249000 
0.247000 
0.249000 
0.247000 
0.250000 
0.250000 
0.249000 
0.250000 
0.250000 
0.251000 
0.249000 
0.249000 
0.250000 
0.247000 
0.247000 
0.249000 
0.246000 
0.250000 
0.249000 
0.250000 
0.247000 
0.248000 
0.248000 
0.249000 
0.247000 
0.250000 
0.249000 
0.248000 
0.247000 
0.249000 
0.250000 
0.250000 
0.249000 
0.247000 
0.250000 
0.250000 
0.249000 
0.250000 
0.247000 
0.248000 
0.246000 
0.249000 
0.249000 
0.247000 
0.248000 
0.248000 
0.247000 
0.249000 
0.250000 
0.248000 
0.249000 
0.247000 
0.248000 
0.250000 
0.249000 
0.247000 
0.246000 
0.248000 
0.249000 
0.249000 
0.248000 
0.248000 
0.249000 
0.249000 
0.248000 
0.250000 
0.248000 
0.246000 
0.249000 
0.246000 
0.248000 
0.247000 
0.249000 
0.247000 
0.247000 
0.248000 
0.247000 
0.249000 
0.247000 
0.246000 
0.248000 
0.248000 
0.248000 
0.247000 
0.247000 
0.247000 
0.247000 
0.248000 
0.247000 
0.248000 
0.249000 
0.249000 
0.248000 
0.250000 
0.248000 
0.248000 
0.247000 
0.248000 
0.247000 
0.248000 
0.250000 
0.248000 
0.249000 
0.248000 
0.248000 
0.251000 
0.249000 
0.247000 
0.247000 
0.251000 
0.247000 
0.249000 
0.250000 
0.249000 
0.248000 
0.247000 
0.250000 
0.248000 
0.248000 
0.249000 
0.249000 
0.248000 
0.247000 
0.248000 
0.246000 
0.248000 
0.247000 
0.249000 
0.248000 
0.248000 
0.246000 
0.248000 
0.247000 
0.249000 
0.247000 
0.250000 
0.247000 
0.249000 
0.249000 
0.246000 
0.248000 
0.250000 
0.247000 
0.245000 
0.249000 
0.248000 
0.248000 
0.248000 
0.248000 
0.248000 
0.250000 
0.247000 
0.247000 
0.249000 
0.248000 
0.248000 
0.248000 
0.249000 
0.248000 
0.247000 
0.246000 
0.246000 
0.249000 
0.248000 
0.247000 
0.247000 
0.247000 
0.247000 
0.250000 
0.246000 
0.247000 
0.246000 
0.248000 
0.247000 
0.248000 
0.248000 
0.245000 
0.246000 
0.248000 
0.249000 
0.249000 
0.247000 
0.247000 
0.248000 
0.249000 
0.250000 
0.250000 
0.249000 
0.248000 
0.247000 
0.248000 
0.249000 
0.249000 
0.248000 
0.249000 
0.247000 
0.248000 
0.248000 
0.248000 
0.248000 
0.246000 
0.249000 
0.248000 
0.248000 
0.247000 
0.248000 
0.249000 
0.247000 
0.249000 
0.251000 
0.249000 
0.247000 
0.250000 
0.250000 
0.246000 
0.248000 
0.249000 
0.250000 
0.248000 
0.248000 
0.247000 
0.249000 
0.248000 
0.246000 
0.249000 
0.247000 
0.249000 
0.249000 
0.248000 
0.249000 
0.249000 
0.246000 
0.248000 
0.250000 
0.249000 
0.248000 
0.247000 
0.248000 
0.249000 
0.249000 
0.247000 
0.249000 
0.246000 
0.248000 
0.248000 
0.248000 
0.245000 
0.249000 
0.249000 
0.245000 
0.247000 
0.247000 
0.249000 
0.248000 
0.247000 
0.248000 
0.249000 
0.247000 
0.250000 
0.249000 
0.246000 
0.247000 
0.250000 
0.248000 
0.249000 
0.247000 
0.251000 
0.248000 
0.247000 
0.249000 
0.249000 
0.250000 
0.249000 
0.248000 
0.248000 
0.248000 
0.247000 
0.248000 
0.248000 
0.248000 
0.247000 
