1.449000 
1.334000 
1.447000 
1.466000 
1.501000 
1.330000 
1.494000 
1.433000 
1.473000 
1.403000 
1.236000 
1.346000 
1.579000 
1.446000 
1.386000 
1.484000 
1.583000 
1.462000 
1.281000 
1.486000 
1.457000 
1.366000 
1.275000 
1.500000 
1.449000 
1.372000 
1.491000 
1.476000 
1.361000 
1.403000 
1.280000 
1.386000 
1.462000 
1.396000 
1.394000 
1.334000 
1.379000 
1.368000 
1.521000 
1.394000 
1.266000 
1.439000 
1.511000 
1.376000 
1.474000 
1.405000 
1.163000 
1.463000 
1.501000 
1.286000 
1.191000 
1.351000 
1.219000 
1.498000 
1.252000 
1.512000 
1.379000 
1.318000 
1.344000 
1.421000 
1.450000 
1.382000 
1.380000 
1.417000 
1.468000 
1.321000 
1.346000 
1.401000 
1.318000 
1.507000 
1.291000 
1.584000 
1.317000 
1.492000 
1.370000 
1.351000 
1.213000 
1.305000 
1.256000 
1.613000 
1.501000 
1.459000 
1.460000 
1.373000 
1.315000 
1.213000 
1.504000 
1.432000 
1.425000 
1.495000 
1.340000 
1.549000 
1.235000 
1.217000 
1.485000 
1.536000 
1.496000 
1.619000 
1.419000 
1.442000 
1.397000 
1.312000 
1.164000 
1.467000 
1.315000 
1.189000 
1.529000 
1.380000 
1.383000 
1.560000 
1.352000 
1.406000 
1.463000 
1.224000 
1.292000 
1.497000 
1.546000 
1.500000 
1.296000 
1.608000 
1.402000 
1.382000 
1.455000 
1.421000 
1.356000 
1.471000 
1.541000 
1.511000 
1.569000 
1.417000 
1.395000 
1.345000 
1.331000 
1.462000 
1.371000 
1.503000 
1.359000 
1.351000 
1.479000 
1.497000 
1.278000 
1.429000 
1.273000 
1.311000 
1.295000 
1.287000 
1.336000 
1.294000 
1.262000 
1.223000 
1.537000 
1.569000 
1.475000 
1.494000 
1.420000 
1.472000 
1.369000 
1.429000 
1.175000 
1.418000 
1.456000 
1.401000 
1.406000 
1.333000 
1.491000 
1.360000 
1.535000 
1.542000 
1.374000 
1.482000 
1.345000 
1.325000 
1.197000 
1.316000 
1.338000 
1.254000 
1.360000 
1.340000 
1.328000 
1.270000 
1.276000 
1.461000 
1.507000 
1.254000 
1.319000 
1.246000 
1.369000 
1.333000 
1.283000 
1.318000 
1.214000 
1.335000 
1.289000 
1.439000 
1.261000 
1.563000 
1.360000 
1.365000 
1.142000 
1.150000 
1.386000 
1.414000 
1.341000 
1.459000 
1.374000 
1.611000 
1.497000 
1.496000 
1.336000 
1.375000 
1.342000 
1.324000 
1.464000 
1.416000 
1.517000 
1.445000 
1.439000 
1.308000 
1.390000 
1.384000 
1.412000 
1.285000 
1.535000 
1.471000 
1.492000 
1.312000 
1.458000 
1.429000 
1.314000 
1.610000 
1.376000 
1.312000 
1.293000 
1.441000 
1.379000 
1.322000 
1.525000 
1.297000 
1.397000 
1.358000 
1.320000 
1.499000 
1.394000 
1.295000 
1.275000 
1.295000 
1.326000 
1.367000 
1.330000 
1.330000 
1.445000 
1.276000 
1.333000 
1.488000 
1.327000 
1.424000 
1.287000 
1.590000 
1.481000 
1.155000 
1.597000 
1.543000 
1.391000 
1.540000 
1.220000 
1.276000 
1.372000 
1.320000 
1.488000 
1.437000 
1.270000 
1.389000 
1.278000 
1.401000 
1.463000 
1.452000 
1.543000 
1.451000 
1.292000 
1.249000 
1.479000 
1.386000 
1.270000 
1.189000 
1.374000 
1.440000 
1.429000 
1.430000 
1.392000 
1.245000 
1.524000 
1.334000 
1.332000 
1.540000 
1.335000 
1.462000 
1.299000 
1.379000 
1.468000 
1.273000 
