1.625000 
1.636000 
1.638000 
1.639000 
1.638000 
1.640000 
1.648000 
1.640000 
1.643000 
1.653000 
1.650000 
1.636000 
1.643000 
1.640000 
1.649000 
1.642000 
1.646000 
1.632000 
1.656000 
1.630000 
1.634000 
1.637000 
1.647000 
1.651000 
1.641000 
1.638000 
1.638000 
1.640000 
1.630000 
1.640000 
1.635000 
1.643000 
1.641000 
1.632000 
1.646000 
1.633000 
1.645000 
1.646000 
1.646000 
1.642000 
1.652000 
1.651000 
1.642000 
1.642000 
1.636000 
1.632000 
1.642000 
1.648000 
1.631000 
1.641000 
1.639000 
1.645000 
1.636000 
1.656000 
1.630000 
1.639000 
1.643000 
1.660000 
1.644000 
1.636000 
1.639000 
1.636000 
1.645000 
1.641000 
1.648000 
1.633000 
1.649000 
1.651000 
1.646000 
1.642000 
1.637000 
1.650000 
1.640000 
1.642000 
1.643000 
1.640000 
1.648000 
1.649000 
1.649000 
1.647000 
1.637000 
1.648000 
1.630000 
1.637000 
1.641000 
1.644000 
1.639000 
1.644000 
1.639000 
1.654000 
1.643000 
1.642000 
1.634000 
1.640000 
1.643000 
1.646000 
1.647000 
1.645000 
1.633000 
1.649000 
1.647000 
1.634000 
1.644000 
1.646000 
1.637000 
1.630000 
1.631000 
1.644000 
1.634000 
1.636000 
1.640000 
1.647000 
1.638000 
1.628000 
1.642000 
1.647000 
1.641000 
1.647000 
1.632000 
1.645000 
1.637000 
1.627000 
1.638000 
1.630000 
1.647000 
1.634000 
1.639000 
1.635000 
1.641000 
1.658000 
1.644000 
1.637000 
1.639000 
1.644000 
1.648000 
1.652000 
1.635000 
1.644000 
1.638000 
1.639000 
1.640000 
1.636000 
1.629000 
1.635000 
1.632000 
1.648000 
1.628000 
1.624000 
1.642000 
1.633000 
1.640000 
1.648000 
1.640000 
1.641000 
1.643000 
1.647000 
1.634000 
1.634000 
1.667000 
1.639000 
1.656000 
1.647000 
1.646000 
1.649000 
1.632000 
1.645000 
1.632000 
1.632000 
1.632000 
1.632000 
1.646000 
1.649000 
1.647000 
1.631000 
1.642000 
1.642000 
1.631000 
1.649000 
1.622000 
1.645000 
1.636000 
1.640000 
1.618000 
1.647000 
1.640000 
1.654000 
1.648000 
1.642000 
1.632000 
1.652000 
1.631000 
1.628000 
1.650000 
1.640000 
1.628000 
1.638000 
1.635000 
1.635000 
1.642000 
1.634000 
1.645000 
1.634000 
1.634000 
1.636000 
1.634000 
1.651000 
1.635000 
1.642000 
1.639000 
1.643000 
1.649000 
1.633000 
1.636000 
1.629000 
1.635000 
1.641000 
1.642000 
1.648000 
1.640000 
1.630000 
1.638000 
1.622000 
1.639000 
1.644000 
1.625000 
1.632000 
1.638000 
1.640000 
1.645000 
1.634000 
1.654000 
1.643000 
1.639000 
1.652000 
1.634000 
1.641000 
1.634000 
1.633000 
1.637000 
1.646000 
1.641000 
1.646000 
1.642000 
1.637000 
1.648000 
1.643000 
1.641000 
1.636000 
1.630000 
1.652000 
1.643000 
1.640000 
1.633000 
1.636000 
1.641000 
1.647000 
1.629000 
1.629000 
1.648000 
1.640000 
1.632000 
1.647000 
1.628000 
1.636000 
1.639000 
1.632000 
1.650000 
1.646000 
1.648000 
1.638000 
1.645000 
1.641000 
1.644000 
1.638000 
1.647000 
1.633000 
1.641000 
1.644000 
1.636000 
1.628000 
1.633000 
1.643000 
1.624000 
1.640000 
1.642000 
1.643000 
1.640000 
1.645000 
1.637000 
1.654000 
1.634000 
1.642000 
1.632000 
1.631000 
1.644000 
1.646000 
1.644000 
1.638000 
1.643000 
1.641000 
