1.419000 
1.409000 
1.412000 
1.418000 
1.421000 
1.419000 
1.417000 
1.411000 
1.427000 
1.412000 
1.421000 
1.416000 
1.426000 
1.423000 
1.422000 
1.423000 
1.418000 
1.420000 
1.429000 
1.424000 
1.414000 
1.418000 
1.423000 
1.427000 
1.418000 
1.424000 
1.413000 
1.426000 
1.424000 
1.413000 
1.422000 
1.417000 
1.413000 
1.422000 
1.415000 
1.417000 
1.423000 
1.424000 
1.419000 
1.418000 
1.421000 
1.419000 
1.419000 
1.421000 
1.420000 
1.414000 
1.416000 
1.423000 
1.420000 
1.420000 
1.417000 
1.416000 
1.421000 
1.422000 
1.421000 
1.425000 
1.422000 
1.419000 
1.422000 
1.414000 
1.413000 
1.419000 
1.413000 
1.422000 
1.428000 
1.421000 
1.424000 
1.413000 
1.422000 
1.421000 
1.418000 
1.415000 
1.420000 
1.424000 
1.418000 
1.415000 
1.423000 
1.411000 
1.424000 
1.418000 
1.426000 
1.422000 
1.421000 
1.420000 
1.425000 
1.412000 
1.431000 
1.422000 
1.423000 
1.418000 
1.423000 
1.427000 
1.419000 
1.422000 
1.416000 
1.418000 
1.420000 
1.420000 
1.433000 
1.419000 
1.412000 
1.413000 
1.420000 
1.421000 
1.414000 
1.413000 
1.425000 
1.423000 
1.416000 
1.421000 
1.420000 
1.424000 
1.432000 
1.416000 
1.423000 
1.416000 
1.409000 
1.420000 
1.424000 
1.415000 
1.419000 
1.417000 
1.433000 
1.415000 
1.420000 
1.417000 
1.421000 
1.419000 
1.413000 
1.412000 
1.426000 
1.420000 
1.423000 
1.418000 
1.414000 
1.423000 
1.412000 
1.426000 
1.419000 
1.429000 
1.417000 
1.422000 
1.419000 
1.425000 
1.423000 
1.413000 
1.421000 
1.425000 
1.422000 
1.418000 
1.415000 
1.420000 
1.420000 
1.420000 
1.417000 
1.423000 
1.420000 
1.415000 
1.421000 
1.423000 
1.418000 
1.426000 
1.413000 
1.412000 
1.420000 
1.424000 
1.416000 
1.412000 
1.420000 
1.411000 
1.425000 
1.430000 
1.413000 
1.422000 
1.418000 
1.419000 
1.423000 
1.419000 
1.423000 
1.422000 
1.426000 
1.418000 
1.419000 
1.422000 
1.420000 
1.423000 
1.416000 
1.420000 
1.416000 
1.414000 
1.424000 
1.410000 
1.417000 
1.434000 
1.427000 
1.419000 
1.413000 
1.418000 
1.425000 
1.418000 
1.419000 
1.415000 
1.424000 
1.428000 
1.421000 
1.413000 
1.420000 
1.414000 
1.429000 
1.408000 
1.426000 
1.421000 
1.423000 
1.422000 
1.426000 
1.426000 
1.412000 
1.415000 
1.424000 
1.415000 
1.426000 
1.421000 
1.423000 
1.416000 
1.428000 
1.420000 
1.416000 
1.428000 
1.425000 
1.421000 
1.423000 
1.420000 
1.419000 
1.425000 
1.413000 
1.415000 
1.416000 
1.428000 
1.418000 
1.416000 
1.421000 
1.425000 
1.418000 
1.418000 
1.414000 
1.423000 
1.418000 
1.417000 
1.424000 
1.417000 
1.415000 
1.416000 
1.416000 
1.427000 
1.421000 
1.420000 
1.414000 
1.417000 
1.427000 
1.416000 
1.411000 
1.414000 
1.424000 
1.405000 
1.414000 
1.413000 
1.413000 
1.420000 
1.421000 
1.423000 
1.422000 
1.414000 
1.423000 
1.423000 
1.428000 
1.423000 
1.409000 
1.419000 
1.415000 
1.418000 
1.419000 
1.421000 
1.420000 
1.419000 
1.421000 
1.419000 
1.434000 
1.419000 
1.421000 
1.424000 
1.418000 
1.421000 
1.430000 
1.419000 
1.421000 
1.421000 
1.417000 
1.425000 
1.426000 
1.421000 
