0.976000 
0.973000 
0.974000 
0.972000 
0.970000 
0.969000 
0.967000 
0.973000 
0.972000 
0.972000 
0.973000 
0.968000 
0.971000 
0.968000 
0.970000 
0.973000 
0.966000 
0.972000 
0.973000 
0.972000 
0.971000 
0.969000 
0.976000 
0.969000 
0.968000 
0.965000 
0.971000 
0.969000 
0.974000 
0.975000 
0.972000 
0.973000 
0.973000 
0.969000 
0.967000 
0.970000 
0.966000 
0.967000 
0.972000 
0.968000 
0.972000 
0.968000 
0.968000 
0.971000 
0.968000 
0.971000 
0.970000 
0.971000 
0.969000 
0.970000 
0.969000 
0.972000 
0.969000 
0.973000 
0.966000 
0.972000 
0.974000 
0.975000 
0.977000 
0.971000 
0.970000 
0.969000 
0.970000 
0.971000 
0.969000 
0.971000 
0.970000 
0.973000 
0.966000 
0.971000 
0.967000 
0.973000 
0.971000 
0.972000 
0.969000 
0.971000 
0.975000 
0.970000 
0.972000 
0.970000 
0.968000 
0.973000 
0.969000 
0.973000 
0.975000 
0.971000 
0.971000 
0.970000 
0.970000 
0.976000 
0.972000 
0.970000 
0.972000 
0.966000 
0.970000 
0.973000 
0.973000 
0.969000 
0.971000 
0.973000 
0.968000 
0.967000 
0.970000 
0.969000 
0.967000 
0.972000 
0.970000 
0.971000 
0.971000 
0.970000 
0.971000 
0.972000 
0.970000 
0.968000 
0.968000 
0.968000 
0.971000 
0.968000 
0.971000 
0.971000 
0.968000 
0.974000 
0.971000 
0.970000 
0.966000 
0.970000 
0.974000 
0.969000 
0.972000 
0.968000 
0.971000 
0.973000 
0.966000 
0.970000 
0.970000 
0.967000 
0.968000 
0.970000 
0.971000 
0.972000 
0.969000 
0.969000 
0.974000 
0.972000 
0.973000 
0.966000 
0.966000 
0.973000 
0.967000 
0.970000 
0.971000 
0.972000 
0.974000 
0.975000 
0.971000 
0.969000 
0.965000 
0.972000 
0.975000 
0.971000 
0.968000 
0.972000 
0.973000 
0.973000 
0.971000 
0.968000 
0.972000 
0.972000 
0.968000 
0.970000 
0.971000 
0.968000 
0.972000 
0.970000 
0.970000 
0.968000 
0.969000 
0.972000 
0.972000 
0.971000 
0.970000 
0.972000 
0.972000 
0.968000 
0.971000 
0.974000 
0.973000 
0.971000 
0.972000 
0.970000 
0.969000 
0.970000 
0.973000 
0.971000 
0.971000 
0.973000 
0.968000 
0.971000 
0.969000 
0.968000 
0.972000 
0.968000 
0.970000 
0.968000 
0.968000 
0.968000 
0.970000 
0.969000 
0.969000 
0.968000 
0.967000 
0.970000 
0.967000 
0.969000 
0.971000 
0.972000 
0.976000 
0.969000 
0.973000 
0.969000 
0.971000 
0.970000 
0.971000 
0.970000 
0.967000 
0.967000 
0.972000 
0.970000 
0.962000 
0.974000 
0.971000 
0.973000 
0.970000 
0.967000 
0.972000 
0.971000 
0.971000 
0.969000 
0.973000 
0.970000 
0.967000 
0.972000 
0.969000 
0.971000 
0.969000 
0.970000 
0.969000 
0.973000 
0.971000 
0.966000 
0.967000 
0.972000 
0.969000 
0.969000 
0.969000 
0.969000 
0.967000 
0.965000 
0.968000 
0.967000 
0.973000 
0.969000 
0.974000 
0.967000 
0.967000 
0.970000 
0.968000 
0.968000 
0.972000 
0.968000 
0.969000 
0.967000 
0.970000 
0.970000 
0.968000 
0.972000 
0.973000 
0.972000 
0.970000 
0.973000 
0.976000 
0.970000 
0.965000 
0.970000 
0.974000 
0.969000 
0.968000 
0.972000 
0.967000 
0.970000 
0.968000 
0.967000 
0.973000 
0.969000 
0.967000 
0.975000 
0.969000 
0.972000 
0.969000 
0.970000 
