0.725000 
0.728000 
0.729000 
0.729000 
0.729000 
0.726000 
0.726000 
0.727000 
0.729000 
0.724000 
0.726000 
0.727000 
0.727000 
0.727000 
0.725000 
0.730000 
0.725000 
0.729000 
0.728000 
0.725000 
0.729000 
0.728000 
0.731000 
0.727000 
0.731000 
0.729000 
0.725000 
0.728000 
0.729000 
0.724000 
0.727000 
0.725000 
0.730000 
0.728000 
0.730000 
0.730000 
0.729000 
0.725000 
0.731000 
0.727000 
0.725000 
0.728000 
0.727000 
0.728000 
0.730000 
0.729000 
0.730000 
0.724000 
0.726000 
0.732000 
0.728000 
0.729000 
0.729000 
0.727000 
0.730000 
0.730000 
0.729000 
0.725000 
0.729000 
0.728000 
0.726000 
0.728000 
0.725000 
0.725000 
0.731000 
0.725000 
0.727000 
0.723000 
0.728000 
0.727000 
0.725000 
0.728000 
0.726000 
0.729000 
0.729000 
0.728000 
0.725000 
0.728000 
0.729000 
0.725000 
0.729000 
0.729000 
0.726000 
0.725000 
0.727000 
0.727000 
0.730000 
0.729000 
0.726000 
0.727000 
0.727000 
0.727000 
0.727000 
0.730000 
0.727000 
0.729000 
0.728000 
0.727000 
0.728000 
0.728000 
0.727000 
0.729000 
0.729000 
0.729000 
0.728000 
0.727000 
0.728000 
0.729000 
0.731000 
0.725000 
0.729000 
0.727000 
0.728000 
0.723000 
0.727000 
0.728000 
0.729000 
0.726000 
0.727000 
0.724000 
0.724000 
0.731000 
0.727000 
0.727000 
0.728000 
0.730000 
0.731000 
0.728000 
0.729000 
0.730000 
0.727000 
0.727000 
0.731000 
0.728000 
0.730000 
0.723000 
0.727000 
0.730000 
0.729000 
0.728000 
0.728000 
0.726000 
0.729000 
0.729000 
0.726000 
0.728000 
0.727000 
0.727000 
0.728000 
0.729000 
0.723000 
0.727000 
0.729000 
0.726000 
0.730000 
0.726000 
0.724000 
0.726000 
0.728000 
0.728000 
0.729000 
0.729000 
0.727000 
0.726000 
0.726000 
0.728000 
0.725000 
0.729000 
0.727000 
0.729000 
0.727000 
0.732000 
0.726000 
0.727000 
0.727000 
0.727000 
0.729000 
0.727000 
0.725000 
0.728000 
0.725000 
0.726000 
0.727000 
0.725000 
0.730000 
0.729000 
0.729000 
0.730000 
0.727000 
0.724000 
0.725000 
0.726000 
0.727000 
0.728000 
0.725000 
0.726000 
0.731000 
0.731000 
0.725000 
0.726000 
0.728000 
0.727000 
0.729000 
0.730000 
0.728000 
0.727000 
0.728000 
0.724000 
0.728000 
0.727000 
0.729000 
0.727000 
0.725000 
0.729000 
0.726000 
0.725000 
0.724000 
0.726000 
0.728000 
0.726000 
0.726000 
0.730000 
0.728000 
0.728000 
0.727000 
0.728000 
0.729000 
0.726000 
0.727000 
0.725000 
0.727000 
0.728000 
0.725000 
0.727000 
0.727000 
0.728000 
0.726000 
0.724000 
0.728000 
0.730000 
0.726000 
0.726000 
0.730000 
0.727000 
0.725000 
0.728000 
0.731000 
0.727000 
0.729000 
0.730000 
0.726000 
0.728000 
0.727000 
0.728000 
0.729000 
0.728000 
0.727000 
0.727000 
0.726000 
0.729000 
0.723000 
0.727000 
0.725000 
0.729000 
0.727000 
0.728000 
0.728000 
0.730000 
0.728000 
0.729000 
0.725000 
0.726000 
0.728000 
0.730000 
0.726000 
0.726000 
0.729000 
0.729000 
0.729000 
0.726000 
0.731000 
0.730000 
0.724000 
0.727000 
0.729000 
0.729000 
0.729000 
0.728000 
0.726000 
0.728000 
0.727000 
0.728000 
0.728000 
0.726000 
0.730000 
0.729000 
0.726000 
0.725000 
0.727000 
0.725000 
