LIDAR(m):TOF(m):HOUR:MIN:SEC  table

0.145000 0.154000 16.000000 58.000000 19.702000 
0.144000 0.152000 16.000000 58.000000 19.807000 
0.144000 0.152000 16.000000 58.000000 20.007000 
0.145000 0.153000 16.000000 58.000000 20.221000 
0.144000 0.152000 16.000000 58.000000 20.430000 
0.144000 0.154000 16.000000 58.000000 20.654000 
0.144000 0.151000 16.000000 58.000000 20.857000 
0.144000 0.152000 16.000000 58.000000 21.054000 
0.144000 0.153000 16.000000 58.000000 21.258000 
0.144000 0.151000 16.000000 58.000000 21.470000 
0.144000 0.152000 16.000000 58.000000 21.669000 
0.144000 0.153000 16.000000 58.000000 22.055000 
0.144000 0.150000 16.000000 58.000000 22.511000 
0.144000 0.152000 16.000000 58.000000 23.591000 
0.144000 0.153000 16.000000 58.000000 23.849000 
0.144000 0.151000 16.000000 58.000000 24.073000 
0.144000 0.152000 16.000000 58.000000 24.291000 
0.144000 0.151000 16.000000 58.000000 24.494000 
0.144000 0.149000 16.000000 58.000000 24.689000 
0.144000 0.152000 16.000000 58.000000 24.899000 
0.144000 0.152000 16.000000 58.000000 25.115000 
0.144000 0.152000 16.000000 58.000000 25.309000 
0.144000 0.151000 16.000000 58.000000 25.519000 
0.144000 0.151000 16.000000 58.000000 25.734000 
0.144000 0.152000 16.000000 58.000000 25.842000 
0.144000 0.150000 16.000000 58.000000 26.044000 
0.145000 0.154000 16.000000 58.000000 26.247000 
0.144000 0.153000 16.000000 58.000000 26.455000 
0.144000 0.151000 16.000000 58.000000 26.664000 
0.145000 0.152000 16.000000 58.000000 26.882000 
0.144000 0.151000 16.000000 58.000000 27.074000 
0.144000 0.154000 16.000000 58.000000 27.278000 
0.144000 0.152000 16.000000 58.000000 27.505000 
0.145000 0.152000 16.000000 58.000000 27.690000 
0.144000 0.153000 16.000000 58.000000 27.904000 
0.145000 0.152000 16.000000 58.000000 28.111000 
0.144000 0.151000 16.000000 58.000000 28.312000 
0.144000 0.151000 16.000000 58.000000 28.666000 
0.144000 0.152000 16.000000 58.000000 29.009000 
0.144000 0.151000 16.000000 58.000000 29.342000 
0.144000 0.151000 16.000000 58.000000 29.540000 
0.144000 0.151000 16.000000 58.000000 29.767000 
0.144000 0.151000 16.000000 58.000000 30.027000 
0.144000 0.152000 16.000000 58.000000 30.291000 
0.145000 0.152000 16.000000 58.000000 30.511000 
0.144000 0.152000 16.000000 58.000000 30.708000 
0.144000 0.151000 16.000000 58.000000 30.913000 
0.144000 0.151000 16.000000 58.000000 31.113000 
0.144000 0.153000 16.000000 58.000000 31.325000 
0.144000 0.152000 16.000000 58.000000 31.551000 
0.144000 0.152000 16.000000 58.000000 31.735000 
0.145000 0.153000 16.000000 58.000000 31.843000 
0.144000 0.153000 16.000000 58.000000 32.073000 
0.145000 0.154000 16.000000 58.000000 32.357000 
0.145000 0.152000 16.000000 58.000000 32.480000 
0.144000 0.151000 16.000000 58.000000 32.677000 
0.144000 0.151000 16.000000 58.000000 32.883000 
0.144000 0.155000 16.000000 58.000000 33.092000 
0.144000 0.152000 16.000000 58.000000 33.297000 
0.144000 0.152000 16.000000 58.000000 33.524000 
0.144000 0.151000 16.000000 58.000000 33.707000 
0.144000 0.153000 16.000000 58.000000 33.930000 
0.144000 0.150000 16.000000 58.000000 34.127000 
0.144000 0.154000 16.000000 58.000000 34.345000 
0.144000 0.151000 16.000000 58.000000 34.546000 
0.144000 0.154000 16.000000 58.000000 34.751000 
0.145000 0.152000 16.000000 58.000000 34.976000 
0.145000 0.151000 16.000000 58.000000 35.074000 
0.144000 0.152000 16.000000 58.000000 35.262000 
0.144000 0.151000 16.000000 58.000000 35.567000 
0.145000 0.151000 16.000000 58.000000 35.819000 
0.144000 0.152000 16.000000 58.000000 36.150000 
0.144000 0.152000 16.000000 58.000000 36.401000 
0.144000 0.153000 16.000000 58.000000 36.887000 
0.144000 0.153000 16.000000 58.000000 37.226000 
0.144000 0.152000 16.000000 58.000000 37.739000 
0.144000 0.154000 16.000000 58.000000 38.082000 
0.145000 0.149000 16.000000 58.000000 38.283000 
0.144000 0.151000 16.000000 58.000000 38.608000 
0.144000 0.150000 16.000000 58.000000 38.803000 
0.144000 0.151000 16.000000 58.000000 39.120000 
0.144000 0.150000 16.000000 58.000000 39.389000 
0.144000 0.151000 16.000000 58.000000 39.526000 
0.145000 0.152000 16.000000 58.000000 39.730000 
0.144000 0.152000 16.000000 58.000000 39.954000 
0.144000 0.154000 16.000000 58.000000 40.151000 
0.145000 0.152000 16.000000 58.000000 40.366000 
0.145000 0.152000 16.000000 58.000000 40.573000 
0.144000 0.151000 16.000000 58.000000 40.777000 
0.144000 0.150000 16.000000 58.000000 40.994000 
0.144000 0.152000 16.000000 58.000000 41.078000 
0.144000 0.150000 16.000000 58.000000 41.304000 
0.144000 0.151000 16.000000 58.000000 41.508000 
0.144000 0.152000 16.000000 58.000000 41.710000 
0.144000 0.152000 16.000000 58.000000 42.097000 
0.144000 0.153000 16.000000 58.000000 42.434000 
0.144000 0.150000 16.000000 58.000000 42.633000 
0.144000 0.151000 16.000000 58.000000 42.970000 
0.144000 0.150000 16.000000 58.000000 43.474000 
0.144000 0.152000 16.000000 58.000000 43.571000 
