LIDAR(m):TOF(m):HOUR:MIN:SEC  table

0.725000 0.709000 17.000000 5.000000 59.600000 
0.721000 0.710000 17.000000 5.000000 59.805000 
0.720000 0.712000 17.000000 6.000000 1.671000 
0.734000 0.711000 17.000000 6.000000 2.195000 
0.726000 0.715000 17.000000 6.000000 2.398000 
0.728000 0.711000 17.000000 6.000000 2.600000 
0.730000 0.711000 17.000000 6.000000 2.827000 
0.732000 0.710000 17.000000 6.000000 3.020000 
0.726000 0.716000 17.000000 6.000000 3.244000 
0.730000 0.714000 17.000000 6.000000 3.448000 
0.714000 0.714000 17.000000 6.000000 3.653000 
0.733000 0.712000 17.000000 6.000000 3.746000 
0.724000 0.709000 17.000000 6.000000 3.963000 
0.731000 0.712000 17.000000 6.000000 4.169000 
0.704000 0.711000 17.000000 6.000000 4.367000 
0.729000 0.711000 17.000000 6.000000 4.592000 
0.723000 0.714000 17.000000 6.000000 4.792000 
0.718000 0.710000 17.000000 6.000000 4.987000 
0.722000 0.709000 17.000000 6.000000 5.214000 
0.716000 0.709000 17.000000 6.000000 5.418000 
0.733000 0.710000 17.000000 6.000000 5.629000 
0.740000 0.712000 17.000000 6.000000 5.840000 
0.713000 0.710000 17.000000 6.000000 6.034000 
0.726000 0.711000 17.000000 6.000000 6.243000 
0.724000 0.712000 17.000000 6.000000 6.449000 
0.723000 0.710000 17.000000 6.000000 6.662000 
0.728000 0.710000 17.000000 6.000000 6.882000 
0.736000 0.712000 17.000000 6.000000 7.146000 
0.728000 0.710000 17.000000 6.000000 7.521000 
0.730000 0.709000 17.000000 6.000000 7.896000 
0.720000 0.716000 17.000000 6.000000 8.163000 
0.739000 0.711000 17.000000 6.000000 8.420000 
0.726000 0.710000 17.000000 6.000000 8.620000 
0.732000 0.711000 17.000000 6.000000 8.839000 
0.718000 0.708000 17.000000 6.000000 9.047000 
0.744000 0.712000 17.000000 6.000000 9.244000 
0.732000 0.712000 17.000000 6.000000 9.355000 
0.720000 0.709000 17.000000 6.000000 9.562000 
0.726000 0.714000 17.000000 6.000000 9.777000 
0.725000 0.714000 17.000000 6.000000 9.995000 
0.722000 0.713000 17.000000 6.000000 10.391000 
0.717000 0.709000 17.000000 6.000000 10.593000 
0.727000 0.712000 17.000000 6.000000 10.803000 
0.717000 0.710000 17.000000 6.000000 11.013000 
0.744000 0.712000 17.000000 6.000000 11.225000 
0.732000 0.711000 17.000000 6.000000 11.422000 
0.739000 0.710000 17.000000 6.000000 11.632000 
0.732000 0.711000 17.000000 6.000000 11.855000 
0.734000 0.712000 17.000000 6.000000 12.077000 
0.719000 0.708000 17.000000 6.000000 12.273000 
0.729000 0.710000 17.000000 6.000000 12.465000 
0.733000 0.710000 17.000000 6.000000 12.571000 
0.716000 0.709000 17.000000 6.000000 12.782000 
0.714000 0.709000 17.000000 6.000000 12.983000 
0.741000 0.711000 17.000000 6.000000 13.193000 
0.726000 0.711000 17.000000 6.000000 13.393000 
0.719000 0.711000 17.000000 6.000000 13.604000 
0.721000 0.718000 17.000000 6.000000 14.197000 
0.725000 0.715000 17.000000 6.000000 14.531000 
0.717000 0.711000 17.000000 6.000000 15.073000 
0.733000 0.714000 17.000000 6.000000 15.262000 
0.730000 0.715000 17.000000 6.000000 15.487000 
0.735000 0.712000 17.000000 6.000000 15.580000 
0.724000 0.714000 17.000000 6.000000 15.796000 
0.731000 0.710000 17.000000 6.000000 15.999000 
0.724000 0.710000 17.000000 6.000000 16.198000 
0.732000 0.710000 17.000000 6.000000 16.421000 
0.735000 0.712000 17.000000 6.000000 16.772000 
0.726000 0.710000 17.000000 6.000000 17.148000 
0.747000 0.710000 17.000000 6.000000 17.548000 
0.731000 0.711000 17.000000 6.000000 17.795000 
0.738000 0.710000 17.000000 6.000000 18.132000 
0.725000 0.710000 17.000000 6.000000 18.380000 
0.736000 0.710000 17.000000 6.000000 18.587000 
0.732000 0.712000 17.000000 6.000000 18.797000 
0.726000 0.712000 17.000000 6.000000 19.029000 
0.724000 0.710000 17.000000 6.000000 19.450000 
0.714000 0.712000 17.000000 6.000000 19.644000 
0.730000 0.714000 17.000000 6.000000 19.842000 
0.730000 0.713000 17.000000 6.000000 20.045000 
0.731000 0.712000 17.000000 6.000000 20.261000 
0.719000 0.714000 17.000000 6.000000 20.461000 
0.716000 0.712000 17.000000 6.000000 20.678000 
0.727000 0.713000 17.000000 6.000000 20.881000 
0.711000 0.709000 17.000000 6.000000 21.090000 
0.739000 0.709000 17.000000 6.000000 21.497000 
0.710000 0.712000 17.000000 6.000000 21.601000 
0.729000 0.710000 17.000000 6.000000 21.815000 
0.729000 0.714000 17.000000 6.000000 22.011000 
0.730000 0.711000 17.000000 6.000000 22.235000 
0.720000 0.711000 17.000000 6.000000 22.431000 
0.721000 0.712000 17.000000 6.000000 22.632000 
0.719000 0.712000 17.000000 6.000000 22.842000 
0.720000 0.711000 17.000000 6.000000 23.052000 
0.733000 0.709000 17.000000 6.000000 23.343000 
0.733000 0.711000 17.000000 6.000000 23.591000 
0.716000 0.714000 17.000000 6.000000 23.826000 
0.723000 0.710000 17.000000 6.000000 24.166000 
0.727000 0.709000 17.000000 6.000000 24.730000 
0.745000 0.709000 17.000000 6.000000 24.941000 
