LIDAR(m):TOF(m):HOUR:MIN:SEC  table

0.735000 0.711000 17.000000 6.000000 35.306000 
0.724000 0.714000 17.000000 6.000000 35.570000 
0.727000 0.712000 17.000000 6.000000 35.716000 
0.728000 0.713000 17.000000 6.000000 35.985000 
0.726000 0.712000 17.000000 6.000000 36.232000 
0.727000 0.711000 17.000000 6.000000 36.546000 
0.724000 0.711000 17.000000 6.000000 37.248000 
0.737000 0.712000 17.000000 6.000000 37.778000 
0.724000 0.712000 17.000000 6.000000 38.121000 
0.718000 0.711000 17.000000 6.000000 38.431000 
0.723000 0.715000 17.000000 6.000000 38.945000 
0.734000 0.714000 17.000000 6.000000 39.156000 
0.721000 0.712000 17.000000 6.000000 39.397000 
0.721000 0.711000 17.000000 6.000000 39.572000 
0.722000 0.715000 17.000000 6.000000 39.680000 
0.727000 0.711000 17.000000 6.000000 40.822000 
0.724000 0.711000 17.000000 6.000000 41.628000 
0.731000 0.709000 17.000000 6.000000 41.946000 
0.730000 0.710000 17.000000 6.000000 42.360000 
0.722000 0.715000 17.000000 6.000000 42.588000 
0.725000 0.712000 17.000000 6.000000 42.675000 
0.714000 0.714000 17.000000 6.000000 42.879000 
0.725000 0.708000 17.000000 6.000000 43.077000 
0.723000 0.715000 17.000000 6.000000 43.291000 
0.731000 0.715000 17.000000 6.000000 43.495000 
0.731000 0.711000 17.000000 6.000000 43.721000 
0.718000 0.712000 17.000000 6.000000 44.143000 
0.749000 0.711000 17.000000 6.000000 44.358000 
0.727000 0.712000 17.000000 6.000000 44.645000 
0.738000 0.712000 17.000000 6.000000 45.176000 
0.726000 0.713000 17.000000 6.000000 45.368000 
0.723000 0.708000 17.000000 6.000000 45.578000 
0.739000 0.715000 17.000000 6.000000 45.702000 
0.721000 0.711000 17.000000 6.000000 45.888000 
0.717000 0.713000 17.000000 6.000000 46.089000 
0.710000 0.712000 17.000000 6.000000 46.299000 
0.739000 0.712000 17.000000 6.000000 46.515000 
0.726000 0.712000 17.000000 6.000000 47.070000 
0.721000 0.712000 17.000000 6.000000 47.402000 
0.733000 0.714000 17.000000 6.000000 47.653000 
0.720000 0.711000 17.000000 6.000000 48.079000 
0.742000 0.712000 17.000000 6.000000 48.486000 
0.728000 0.714000 17.000000 6.000000 48.699000 
0.722000 0.715000 17.000000 6.000000 48.993000 
0.736000 0.711000 17.000000 6.000000 49.104000 
0.730000 0.712000 17.000000 6.000000 49.322000 
0.735000 0.709000 17.000000 6.000000 49.526000 
0.724000 0.711000 17.000000 6.000000 49.722000 
0.720000 0.712000 17.000000 6.000000 49.945000 
0.729000 0.711000 17.000000 6.000000 50.151000 
0.730000 0.710000 17.000000 6.000000 50.352000 
0.736000 0.709000 17.000000 6.000000 50.554000 
0.726000 0.711000 17.000000 6.000000 50.763000 
0.717000 0.708000 17.000000 6.000000 50.994000 
0.723000 0.709000 17.000000 6.000000 51.194000 
0.728000 0.714000 17.000000 6.000000 51.391000 
0.743000 0.712000 17.000000 6.000000 51.607000 
0.724000 0.708000 17.000000 6.000000 51.810000 
0.733000 0.709000 17.000000 6.000000 51.902000 
0.717000 0.714000 17.000000 6.000000 52.126000 
0.723000 0.711000 17.000000 6.000000 52.313000 
0.732000 0.708000 17.000000 6.000000 52.532000 
0.731000 0.712000 17.000000 6.000000 52.748000 
0.726000 0.714000 17.000000 6.000000 52.946000 
0.732000 0.711000 17.000000 6.000000 53.147000 
0.718000 0.713000 17.000000 6.000000 53.456000 
0.725000 0.711000 17.000000 6.000000 53.687000 
0.729000 0.708000 17.000000 6.000000 54.110000 
0.730000 0.711000 17.000000 6.000000 54.340000 
0.721000 0.711000 17.000000 6.000000 54.797000 
0.720000 0.716000 17.000000 6.000000 55.043000 
0.721000 0.711000 17.000000 6.000000 55.243000 
0.729000 0.712000 17.000000 6.000000 55.559000 
0.725000 0.713000 17.000000 6.000000 55.739000 
0.732000 0.711000 17.000000 6.000000 55.964000 
0.715000 0.713000 17.000000 6.000000 56.180000 
0.720000 0.711000 17.000000 6.000000 56.387000 
0.732000 0.712000 17.000000 6.000000 56.585000 
0.733000 0.714000 17.000000 6.000000 56.789000 
0.717000 0.710000 17.000000 6.000000 56.990000 
0.722000 0.710000 17.000000 6.000000 57.205000 
0.722000 0.712000 17.000000 6.000000 57.419000 
0.718000 0.713000 17.000000 6.000000 57.628000 
0.734000 0.711000 17.000000 6.000000 57.735000 
0.724000 0.710000 17.000000 6.000000 58.031000 
0.724000 0.711000 17.000000 6.000000 58.248000 
0.714000 0.713000 17.000000 6.000000 58.562000 
0.723000 0.712000 17.000000 6.000000 58.749000 
0.730000 0.711000 17.000000 6.000000 58.963000 
0.721000 0.714000 17.000000 6.000000 59.169000 
0.739000 0.711000 17.000000 6.000000 59.389000 
0.725000 0.710000 17.000000 6.000000 59.579000 
0.722000 0.713000 17.000000 6.000000 59.789000 
0.724000 0.714000 17.000000 7.000000 0.008000 
0.716000 0.711000 17.000000 7.000000 0.296000 
0.736000 0.711000 17.000000 7.000000 0.969000 
0.729000 0.712000 17.000000 7.000000 1.521000 
0.738000 0.712000 17.000000 7.000000 1.867000 
0.731000 0.710000 17.000000 7.000000 2.206000 
0.724000 0.713000 17.000000 7.000000 2.389000 
