LIDAR(m):TOF(m):HOUR:MIN:SEC  table

0.197000 0.199000 17.000000 0.000000 40.556000 
0.197000 0.200000 17.000000 0.000000 40.740000 
0.198000 0.198000 17.000000 0.000000 40.949000 
0.197000 0.200000 17.000000 0.000000 41.163000 
0.197000 0.200000 17.000000 0.000000 41.373000 
0.197000 0.198000 17.000000 0.000000 41.579000 
0.197000 0.199000 17.000000 0.000000 41.688000 
0.198000 0.200000 17.000000 0.000000 41.886000 
0.197000 0.197000 17.000000 0.000000 42.202000 
0.197000 0.201000 17.000000 0.000000 42.464000 
0.197000 0.200000 17.000000 0.000000 42.820000 
0.197000 0.200000 17.000000 0.000000 43.010000 
0.197000 0.200000 17.000000 0.000000 43.249000 
0.197000 0.199000 17.000000 0.000000 43.485000 
0.197000 0.199000 17.000000 0.000000 43.951000 
0.198000 0.197000 17.000000 0.000000 44.174000 
0.197000 0.197000 17.000000 0.000000 44.383000 
0.197000 0.198000 17.000000 0.000000 44.491000 
0.197000 0.198000 17.000000 0.000000 44.692000 
0.197000 0.200000 17.000000 0.000000 44.913000 
0.197000 0.200000 17.000000 0.000000 45.098000 
0.197000 0.198000 17.000000 0.000000 45.307000 
0.197000 0.199000 17.000000 0.000000 45.585000 
0.197000 0.200000 17.000000 0.000000 45.934000 
0.198000 0.200000 17.000000 0.000000 46.157000 
0.197000 0.197000 17.000000 0.000000 46.476000 
0.197000 0.198000 17.000000 0.000000 47.708000 
0.197000 0.197000 17.000000 0.000000 47.912000 
0.197000 0.198000 17.000000 0.000000 48.107000 
0.197000 0.199000 17.000000 0.000000 48.330000 
0.198000 0.199000 17.000000 0.000000 48.536000 
0.197000 0.200000 17.000000 0.000000 48.729000 
0.197000 0.198000 17.000000 0.000000 48.959000 
0.197000 0.200000 17.000000 0.000000 49.149000 
0.198000 0.197000 17.000000 0.000000 49.355000 
0.197000 0.198000 17.000000 0.000000 49.566000 
0.197000 0.200000 17.000000 0.000000 49.774000 
0.197000 0.201000 17.000000 0.000000 49.996000 
0.197000 0.199000 17.000000 0.000000 50.183000 
0.197000 0.199000 17.000000 0.000000 50.393000 
0.197000 0.198000 17.000000 0.000000 50.510000 
0.198000 0.199000 17.000000 0.000000 50.816000 
0.197000 0.197000 17.000000 0.000000 50.909000 
0.198000 0.198000 17.000000 0.000000 51.133000 
0.197000 0.197000 17.000000 0.000000 51.531000 
0.197000 0.197000 17.000000 0.000000 51.755000 
0.197000 0.197000 17.000000 0.000000 51.957000 
0.197000 0.201000 17.000000 0.000000 52.153000 
0.198000 0.199000 17.000000 0.000000 52.441000 
0.197000 0.200000 17.000000 0.000000 52.629000 
0.197000 0.201000 17.000000 0.000000 53.347000 
0.197000 0.202000 17.000000 0.000000 53.824000 
0.197000 0.199000 17.000000 0.000000 53.924000 
0.197000 0.199000 17.000000 0.000000 54.254000 
0.198000 0.200000 17.000000 0.000000 54.558000 
0.197000 0.196000 17.000000 0.000000 54.753000 
0.197000 0.200000 17.000000 0.000000 54.963000 
0.197000 0.200000 17.000000 0.000000 55.181000 
0.197000 0.198000 17.000000 0.000000 55.386000 
0.197000 0.200000 17.000000 0.000000 55.588000 
0.197000 0.199000 17.000000 0.000000 55.787000 
0.197000 0.197000 17.000000 0.000000 56.010000 
0.197000 0.198000 17.000000 0.000000 56.211000 
0.197000 0.199000 17.000000 0.000000 56.414000 
0.197000 0.201000 17.000000 0.000000 56.634000 
0.197000 0.198000 17.000000 0.000000 56.823000 
0.197000 0.201000 17.000000 0.000000 57.036000 
0.197000 0.200000 17.000000 0.000000 57.149000 
0.197000 0.197000 17.000000 0.000000 57.364000 
0.197000 0.198000 17.000000 0.000000 57.571000 
0.197000 0.201000 17.000000 0.000000 57.761000 
0.197000 0.200000 17.000000 0.000000 57.986000 
0.197000 0.199000 17.000000 0.000000 58.191000 
0.197000 0.199000 17.000000 0.000000 58.388000 
0.197000 0.200000 17.000000 0.000000 58.600000 
0.197000 0.199000 17.000000 0.000000 58.802000 
0.197000 0.198000 17.000000 0.000000 59.231000 
0.197000 0.197000 17.000000 0.000000 59.558000 
0.197000 0.198000 17.000000 1.000000 0.042000 
0.197000 0.201000 17.000000 1.000000 0.259000 
0.197000 0.200000 17.000000 1.000000 0.371000 
0.197000 0.198000 17.000000 1.000000 0.618000 
0.197000 0.198000 17.000000 1.000000 0.795000 
0.197000 0.199000 17.000000 1.000000 0.982000 
0.197000 0.199000 17.000000 1.000000 1.211000 
0.197000 0.199000 17.000000 1.000000 1.403000 
0.197000 0.200000 17.000000 1.000000 1.812000 
0.197000 0.200000 17.000000 1.000000 2.017000 
0.197000 0.199000 17.000000 1.000000 2.225000 
0.197000 0.199000 17.000000 1.000000 2.439000 
0.197000 0.198000 17.000000 1.000000 2.656000 
0.197000 0.199000 17.000000 1.000000 2.741000 
0.197000 0.199000 17.000000 1.000000 2.970000 
0.197000 0.199000 17.000000 1.000000 3.267000 
0.197000 0.199000 17.000000 1.000000 3.363000 
0.197000 0.200000 17.000000 1.000000 3.572000 
0.197000 0.200000 17.000000 1.000000 3.788000 
0.197000 0.199000 17.000000 1.000000 3.982000 
0.198000 0.198000 17.000000 1.000000 4.202000 
0.197000 0.202000 17.000000 1.000000 4.410000 
