LIDAR(m):TOF(m):HOUR:MIN:SEC  table

0.493000 0.493000 17.000000 4.000000 49.746000 
0.491000 0.493000 17.000000 4.000000 49.968000 
0.492000 0.492000 17.000000 4.000000 50.154000 
0.494000 0.495000 17.000000 4.000000 50.370000 
0.493000 0.494000 17.000000 4.000000 50.577000 
0.491000 0.491000 17.000000 4.000000 50.791000 
0.492000 0.494000 17.000000 4.000000 50.986000 
0.493000 0.495000 17.000000 4.000000 51.200000 
0.493000 0.492000 17.000000 4.000000 51.300000 
0.494000 0.495000 17.000000 4.000000 51.648000 
0.494000 0.493000 17.000000 4.000000 52.033000 
0.492000 0.494000 17.000000 4.000000 52.123000 
0.493000 0.495000 17.000000 4.000000 52.333000 
0.494000 0.496000 17.000000 4.000000 52.550000 
0.493000 0.492000 17.000000 4.000000 52.754000 
0.495000 0.496000 17.000000 4.000000 52.962000 
0.493000 0.492000 17.000000 4.000000 53.276000 
0.496000 0.495000 17.000000 4.000000 53.574000 
0.491000 0.494000 17.000000 4.000000 53.897000 
0.492000 0.495000 17.000000 4.000000 54.224000 
0.492000 0.494000 17.000000 4.000000 54.317000 
0.492000 0.493000 17.000000 4.000000 54.679000 
0.493000 0.495000 17.000000 4.000000 54.939000 
0.491000 0.494000 17.000000 4.000000 55.141000 
0.494000 0.493000 17.000000 4.000000 55.361000 
0.492000 0.495000 17.000000 4.000000 55.559000 
0.490000 0.493000 17.000000 4.000000 55.766000 
0.493000 0.495000 17.000000 4.000000 55.975000 
0.493000 0.492000 17.000000 4.000000 56.182000 
0.492000 0.494000 17.000000 4.000000 56.386000 
0.493000 0.493000 17.000000 4.000000 56.591000 
0.493000 0.493000 17.000000 4.000000 56.804000 
0.493000 0.495000 17.000000 4.000000 57.007000 
0.494000 0.490000 17.000000 4.000000 57.230000 
0.493000 0.494000 17.000000 4.000000 57.415000 
0.491000 0.495000 17.000000 4.000000 57.625000 
0.494000 0.494000 17.000000 4.000000 57.834000 
0.494000 0.495000 17.000000 4.000000 58.178000 
0.495000 0.496000 17.000000 4.000000 58.578000 
0.492000 0.493000 17.000000 4.000000 58.982000 
0.493000 0.494000 17.000000 4.000000 59.391000 
0.493000 0.492000 17.000000 4.000000 59.603000 
0.492000 0.492000 17.000000 4.000000 59.927000 
0.493000 0.493000 17.000000 5.000000 0.261000 
0.490000 0.493000 17.000000 5.000000 0.356000 
0.494000 0.496000 17.000000 5.000000 0.656000 
0.492000 0.494000 17.000000 5.000000 0.962000 
0.492000 0.493000 17.000000 5.000000 1.157000 
0.494000 0.496000 17.000000 5.000000 1.466000 
0.491000 0.494000 17.000000 5.000000 1.576000 
0.493000 0.493000 17.000000 5.000000 1.789000 
0.493000 0.494000 17.000000 5.000000 1.987000 
0.493000 0.496000 17.000000 5.000000 2.205000 
0.492000 0.494000 17.000000 5.000000 2.410000 
0.492000 0.494000 17.000000 5.000000 2.610000 
0.492000 0.494000 17.000000 5.000000 2.836000 
0.493000 0.495000 17.000000 5.000000 3.034000 
0.492000 0.494000 17.000000 5.000000 3.239000 
0.492000 0.497000 17.000000 5.000000 3.338000 
0.493000 0.493000 17.000000 5.000000 3.560000 
0.492000 0.493000 17.000000 5.000000 3.753000 
0.494000 0.493000 17.000000 5.000000 3.964000 
0.493000 0.493000 17.000000 5.000000 4.180000 
0.493000 0.495000 17.000000 5.000000 4.381000 
0.493000 0.494000 17.000000 5.000000 4.580000 
0.493000 0.497000 17.000000 5.000000 4.791000 
0.492000 0.493000 17.000000 5.000000 5.007000 
0.493000 0.494000 17.000000 5.000000 5.221000 
0.493000 0.493000 17.000000 5.000000 5.429000 
0.496000 0.495000 17.000000 5.000000 5.622000 
0.493000 0.495000 17.000000 5.000000 5.840000 
0.494000 0.490000 17.000000 5.000000 6.046000 
0.491000 0.492000 17.000000 5.000000 6.490000 
0.492000 0.495000 17.000000 5.000000 6.983000 
0.493000 0.494000 17.000000 5.000000 7.295000 
0.492000 0.492000 17.000000 5.000000 7.394000 
0.494000 0.492000 17.000000 5.000000 8.083000 
0.493000 0.493000 17.000000 5.000000 8.218000 
0.490000 0.494000 17.000000 5.000000 8.427000 
0.494000 0.494000 17.000000 5.000000 8.635000 
0.492000 0.493000 17.000000 5.000000 8.850000 
0.494000 0.493000 17.000000 5.000000 9.043000 
0.492000 0.495000 17.000000 5.000000 9.258000 
0.493000 0.494000 17.000000 5.000000 9.375000 
0.494000 0.493000 17.000000 5.000000 9.684000 
0.492000 0.494000 17.000000 5.000000 9.778000 
0.492000 0.495000 17.000000 5.000000 9.996000 
0.491000 0.493000 17.000000 5.000000 10.192000 
0.493000 0.492000 17.000000 5.000000 10.393000 
0.491000 0.494000 17.000000 5.000000 10.616000 
0.492000 0.495000 17.000000 5.000000 10.818000 
0.493000 0.494000 17.000000 5.000000 11.032000 
0.494000 0.492000 17.000000 5.000000 11.228000 
0.491000 0.494000 17.000000 5.000000 11.431000 
0.492000 0.493000 17.000000 5.000000 11.651000 
0.496000 0.493000 17.000000 5.000000 11.857000 
0.494000 0.491000 17.000000 5.000000 12.062000 
0.494000 0.493000 17.000000 5.000000 12.267000 
0.491000 0.495000 17.000000 5.000000 12.484000 
0.493000 0.495000 17.000000 5.000000 12.570000 
