LIDAR(m):TOF(m):HOUR:MIN:SEC  table

0.144000 0.150000 16.000000 56.000000 55.448000 
0.144000 0.150000 16.000000 56.000000 55.752000 
0.145000 0.152000 16.000000 56.000000 55.949000 
0.145000 0.151000 16.000000 56.000000 56.163000 
0.145000 0.151000 16.000000 56.000000 56.370000 
0.144000 0.151000 16.000000 56.000000 56.579000 
0.144000 0.150000 16.000000 56.000000 56.797000 
0.144000 0.152000 16.000000 56.000000 56.991000 
0.145000 0.151000 16.000000 56.000000 57.218000 
0.145000 0.151000 16.000000 56.000000 57.415000 
0.145000 0.151000 16.000000 56.000000 57.616000 
0.145000 0.151000 16.000000 56.000000 57.824000 
0.145000 0.153000 16.000000 56.000000 58.035000 
0.144000 0.152000 16.000000 56.000000 58.146000 
0.144000 0.151000 16.000000 56.000000 58.463000 
0.144000 0.150000 16.000000 56.000000 58.960000 
0.144000 0.149000 16.000000 56.000000 59.170000 
0.144000 0.151000 16.000000 56.000000 59.483000 
0.145000 0.152000 16.000000 56.000000 59.760000 
0.144000 0.152000 16.000000 57.000000 0.017000 
0.144000 0.151000 16.000000 57.000000 0.217000 
0.145000 0.150000 16.000000 57.000000 0.420000 
0.144000 0.149000 16.000000 57.000000 0.629000 
0.144000 0.152000 16.000000 57.000000 0.830000 
0.145000 0.150000 16.000000 57.000000 1.047000 
0.145000 0.153000 16.000000 57.000000 1.258000 
0.145000 0.150000 16.000000 57.000000 1.450000 
0.144000 0.154000 16.000000 57.000000 1.560000 
0.145000 0.154000 16.000000 57.000000 1.764000 
0.144000 0.152000 16.000000 57.000000 1.991000 
0.144000 0.152000 16.000000 57.000000 2.183000 
0.144000 0.152000 16.000000 57.000000 2.383000 
0.144000 0.153000 16.000000 57.000000 2.591000 
0.144000 0.151000 16.000000 57.000000 2.806000 
0.144000 0.153000 16.000000 57.000000 3.013000 
0.144000 0.151000 16.000000 57.000000 3.220000 
0.144000 0.152000 16.000000 57.000000 3.439000 
0.145000 0.153000 16.000000 57.000000 3.639000 
0.144000 0.152000 16.000000 57.000000 3.857000 
0.145000 0.151000 16.000000 57.000000 4.044000 
0.144000 0.150000 16.000000 57.000000 4.259000 
0.145000 0.152000 16.000000 57.000000 4.468000 
0.145000 0.149000 16.000000 57.000000 4.564000 
0.145000 0.150000 16.000000 57.000000 4.775000 
0.144000 0.152000 16.000000 57.000000 4.983000 
0.144000 0.149000 16.000000 57.000000 5.299000 
0.145000 0.154000 16.000000 57.000000 5.510000 
0.144000 0.155000 16.000000 57.000000 5.851000 
0.144000 0.152000 16.000000 57.000000 6.017000 
0.144000 0.154000 16.000000 57.000000 6.235000 
0.144000 0.150000 16.000000 57.000000 6.643000 
0.144000 0.153000 16.000000 57.000000 6.855000 
0.144000 0.153000 16.000000 57.000000 7.060000 
0.144000 0.151000 16.000000 57.000000 7.275000 
0.144000 0.152000 16.000000 57.000000 7.473000 
0.144000 0.151000 16.000000 57.000000 7.786000 
0.144000 0.151000 16.000000 57.000000 7.996000 
0.144000 0.151000 16.000000 57.000000 8.198000 
0.145000 0.151000 16.000000 57.000000 8.415000 
0.144000 0.149000 16.000000 57.000000 8.632000 
0.144000 0.153000 16.000000 57.000000 8.837000 
0.144000 0.151000 16.000000 57.000000 9.023000 
0.144000 0.153000 16.000000 57.000000 9.235000 
0.145000 0.150000 16.000000 57.000000 9.452000 
0.145000 0.152000 16.000000 57.000000 9.664000 
0.144000 0.150000 16.000000 57.000000 9.862000 
0.144000 0.152000 16.000000 57.000000 10.065000 
0.144000 0.152000 16.000000 57.000000 10.281000 
0.144000 0.148000 16.000000 57.000000 10.490000 
0.145000 0.153000 16.000000 57.000000 10.597000 
0.145000 0.150000 16.000000 57.000000 10.795000 
0.144000 0.152000 16.000000 57.000000 10.994000 
0.144000 0.150000 16.000000 57.000000 11.215000 
0.144000 0.151000 16.000000 57.000000 11.420000 
0.144000 0.151000 16.000000 57.000000 11.666000 
0.144000 0.153000 16.000000 57.000000 12.224000 
0.144000 0.151000 16.000000 57.000000 12.500000 
0.144000 0.154000 16.000000 57.000000 12.701000 
0.144000 0.154000 16.000000 57.000000 12.918000 
0.144000 0.149000 16.000000 57.000000 13.179000 
0.144000 0.152000 16.000000 57.000000 13.396000 
0.144000 0.152000 16.000000 57.000000 13.595000 
0.144000 0.150000 16.000000 57.000000 13.805000 
0.144000 0.151000 16.000000 57.000000 14.032000 
0.144000 0.150000 16.000000 57.000000 14.216000 
0.144000 0.150000 16.000000 57.000000 14.443000 
0.145000 0.152000 16.000000 57.000000 14.638000 
0.144000 0.149000 16.000000 57.000000 14.907000 
0.144000 0.154000 16.000000 57.000000 15.147000 
0.144000 0.153000 16.000000 57.000000 15.266000 
0.145000 0.152000 16.000000 57.000000 15.479000 
0.145000 0.153000 16.000000 57.000000 15.928000 
0.144000 0.152000 16.000000 57.000000 16.518000 
0.144000 0.154000 16.000000 57.000000 16.608000 
0.144000 0.153000 16.000000 57.000000 16.805000 
0.144000 0.151000 16.000000 57.000000 17.018000 
0.144000 0.152000 16.000000 57.000000 17.226000 
0.144000 0.152000 16.000000 57.000000 17.437000 
0.145000 0.152000 16.000000 57.000000 18.135000 
0.144000 0.153000 16.000000 57.000000 18.969000 
