LIDAR(m):TOF(m):HOUR:MIN:SEC  table

0.094000 0.101000 16.000000 55.000000 31.691000 
0.095000 0.104000 16.000000 55.000000 31.909000 
0.095000 0.101000 16.000000 55.000000 32.087000 
0.094000 0.102000 16.000000 55.000000 32.300000 
0.094000 0.104000 16.000000 55.000000 32.518000 
0.094000 0.102000 16.000000 55.000000 32.726000 
0.095000 0.101000 16.000000 55.000000 32.931000 
0.095000 0.102000 16.000000 55.000000 33.127000 
0.094000 0.101000 16.000000 55.000000 33.355000 
0.095000 0.100000 16.000000 55.000000 33.556000 
0.095000 0.102000 16.000000 55.000000 33.753000 
0.095000 0.101000 16.000000 55.000000 33.860000 
0.094000 0.102000 16.000000 55.000000 34.064000 
0.095000 0.101000 16.000000 55.000000 34.265000 
0.095000 0.104000 16.000000 55.000000 34.488000 
0.094000 0.102000 16.000000 55.000000 34.811000 
0.094000 0.101000 16.000000 55.000000 34.899000 
0.095000 0.100000 16.000000 55.000000 35.333000 
0.094000 0.101000 16.000000 55.000000 35.859000 
0.095000 0.100000 16.000000 55.000000 36.748000 
0.095000 0.102000 16.000000 55.000000 37.084000 
0.095000 0.102000 16.000000 55.000000 37.287000 
0.094000 0.102000 16.000000 55.000000 37.596000 
0.095000 0.103000 16.000000 55.000000 37.793000 
0.094000 0.101000 16.000000 55.000000 38.117000 
0.094000 0.100000 16.000000 55.000000 38.331000 
0.094000 0.100000 16.000000 55.000000 38.640000 
0.094000 0.102000 16.000000 55.000000 39.149000 
0.095000 0.102000 16.000000 55.000000 39.415000 
0.094000 0.102000 16.000000 55.000000 39.570000 
0.094000 0.100000 16.000000 55.000000 39.797000 
0.095000 0.102000 16.000000 55.000000 39.877000 
0.095000 0.101000 16.000000 55.000000 40.085000 
0.094000 0.103000 16.000000 55.000000 40.294000 
0.095000 0.102000 16.000000 55.000000 40.510000 
0.095000 0.103000 16.000000 55.000000 40.709000 
0.095000 0.101000 16.000000 55.000000 40.917000 
0.094000 0.103000 16.000000 55.000000 41.140000 
0.095000 0.099000 16.000000 55.000000 41.366000 
0.095000 0.102000 16.000000 55.000000 41.925000 
0.095000 0.102000 16.000000 55.000000 42.061000 
0.095000 0.102000 16.000000 55.000000 42.901000 
0.095000 0.100000 16.000000 55.000000 43.088000 
0.095000 0.102000 16.000000 55.000000 43.302000 
0.094000 0.103000 16.000000 55.000000 43.509000 
0.095000 0.102000 16.000000 55.000000 43.734000 
0.095000 0.101000 16.000000 55.000000 43.921000 
0.094000 0.102000 16.000000 55.000000 44.133000 
0.095000 0.101000 16.000000 55.000000 44.349000 
0.095000 0.101000 16.000000 55.000000 44.657000 
0.095000 0.103000 16.000000 55.000000 45.323000 
0.094000 0.101000 16.000000 55.000000 45.520000 
0.095000 0.104000 16.000000 55.000000 46.002000 
0.094000 0.101000 16.000000 55.000000 46.314000 
0.095000 0.101000 16.000000 55.000000 46.522000 
0.094000 0.101000 16.000000 55.000000 46.723000 
0.095000 0.102000 16.000000 55.000000 46.946000 
0.095000 0.102000 16.000000 55.000000 47.141000 
0.095000 0.100000 16.000000 55.000000 47.355000 
0.095000 0.103000 16.000000 55.000000 47.551000 
0.095000 0.101000 16.000000 55.000000 47.764000 
0.095000 0.103000 16.000000 55.000000 47.977000 
0.095000 0.102000 16.000000 55.000000 48.189000 
0.095000 0.101000 16.000000 55.000000 48.389000 
0.095000 0.102000 16.000000 55.000000 48.593000 
0.095000 0.104000 16.000000 55.000000 48.820000 
0.095000 0.104000 16.000000 55.000000 48.910000 
0.095000 0.100000 16.000000 55.000000 49.213000 
0.095000 0.100000 16.000000 55.000000 49.324000 
0.095000 0.103000 16.000000 55.000000 49.526000 
0.095000 0.101000 16.000000 55.000000 49.747000 
0.095000 0.101000 16.000000 55.000000 49.948000 
0.095000 0.100000 16.000000 55.000000 50.189000 
0.095000 0.103000 16.000000 55.000000 50.361000 
0.095000 0.103000 16.000000 55.000000 50.568000 
0.095000 0.103000 16.000000 55.000000 50.779000 
0.095000 0.102000 16.000000 55.000000 50.994000 
0.095000 0.101000 16.000000 55.000000 51.183000 
0.095000 0.101000 16.000000 55.000000 51.508000 
0.094000 0.100000 16.000000 55.000000 51.819000 
0.094000 0.102000 16.000000 55.000000 51.928000 
0.095000 0.100000 16.000000 55.000000 52.582000 
0.095000 0.100000 16.000000 55.000000 52.958000 
0.095000 0.101000 16.000000 55.000000 53.175000 
0.095000 0.103000 16.000000 55.000000 53.364000 
0.095000 0.101000 16.000000 55.000000 53.587000 
0.095000 0.101000 16.000000 55.000000 53.795000 
0.094000 0.099000 16.000000 55.000000 53.993000 
0.095000 0.103000 16.000000 55.000000 54.216000 
0.095000 0.102000 16.000000 55.000000 54.416000 
0.095000 0.102000 16.000000 55.000000 54.625000 
0.095000 0.101000 16.000000 55.000000 54.825000 
0.095000 0.101000 16.000000 55.000000 55.025000 
0.095000 0.101000 16.000000 55.000000 55.241000 
0.094000 0.102000 16.000000 55.000000 55.345000 
0.095000 0.102000 16.000000 55.000000 55.549000 
0.094000 0.102000 16.000000 55.000000 55.768000 
0.094000 0.103000 16.000000 55.000000 55.970000 
0.095000 0.101000 16.000000 55.000000 56.188000 
0.095000 0.101000 16.000000 55.000000 56.383000 
