LIDAR(m):TOF(m):HOUR:MIN:SEC  table

0.975000 0.951000 17.000000 8.000000 7.577000 
0.969000 0.947000 17.000000 8.000000 7.770000 
0.974000 0.953000 17.000000 8.000000 7.980000 
0.978000 0.953000 17.000000 8.000000 8.307000 
0.979000 0.948000 17.000000 8.000000 8.919000 
0.981000 0.947000 17.000000 8.000000 9.221000 
0.979000 0.952000 17.000000 8.000000 9.452000 
0.975000 0.949000 17.000000 8.000000 9.643000 
0.970000 0.949000 17.000000 8.000000 9.870000 
0.970000 0.951000 17.000000 8.000000 10.049000 
0.957000 0.953000 17.000000 8.000000 10.158000 
0.976000 0.950000 17.000000 8.000000 10.381000 
0.965000 0.955000 17.000000 8.000000 10.583000 
0.964000 0.948000 17.000000 8.000000 10.783000 
0.980000 0.945000 17.000000 8.000000 11.004000 
0.989000 0.951000 17.000000 8.000000 11.201000 
0.969000 0.948000 17.000000 8.000000 11.400000 
0.980000 0.946000 17.000000 8.000000 11.619000 
0.987000 0.952000 17.000000 8.000000 11.823000 
0.985000 0.949000 17.000000 8.000000 12.029000 
0.987000 0.951000 17.000000 8.000000 12.230000 
0.977000 0.951000 17.000000 8.000000 12.451000 
0.981000 0.949000 17.000000 8.000000 12.655000 
0.965000 0.951000 17.000000 8.000000 12.871000 
0.968000 0.947000 17.000000 8.000000 13.072000 
0.962000 0.948000 17.000000 8.000000 13.184000 
0.970000 0.953000 17.000000 8.000000 13.369000 
0.966000 0.944000 17.000000 8.000000 13.580000 
0.965000 0.950000 17.000000 8.000000 13.807000 
0.998000 0.949000 17.000000 8.000000 14.007000 
0.984000 0.948000 17.000000 8.000000 14.452000 
0.967000 0.949000 17.000000 8.000000 14.943000 
0.987000 0.950000 17.000000 8.000000 15.291000 
0.958000 0.949000 17.000000 8.000000 15.458000 
0.985000 0.947000 17.000000 8.000000 15.683000 
0.971000 0.952000 17.000000 8.000000 15.863000 
0.972000 0.951000 17.000000 8.000000 16.087000 
0.981000 0.950000 17.000000 8.000000 16.281000 
0.960000 0.945000 17.000000 8.000000 16.503000 
0.971000 0.949000 17.000000 8.000000 16.594000 
0.974000 0.954000 17.000000 8.000000 17.224000 
0.980000 0.951000 17.000000 8.000000 17.536000 
0.975000 0.944000 17.000000 8.000000 17.757000 
0.966000 0.954000 17.000000 8.000000 18.064000 
0.954000 0.945000 17.000000 8.000000 18.838000 
0.958000 0.950000 17.000000 8.000000 19.093000 
0.987000 0.949000 17.000000 8.000000 19.189000 
0.991000 0.947000 17.000000 8.000000 19.398000 
0.967000 0.948000 17.000000 8.000000 19.598000 
0.975000 0.950000 17.000000 8.000000 19.809000 
0.946000 0.951000 17.000000 8.000000 20.037000 
0.969000 0.955000 17.000000 8.000000 20.229000 
0.981000 0.950000 17.000000 8.000000 20.428000 
0.982000 0.951000 17.000000 8.000000 20.657000 
0.973000 0.951000 17.000000 8.000000 20.849000 
0.963000 0.953000 17.000000 8.000000 21.067000 
0.980000 0.951000 17.000000 8.000000 21.269000 
0.985000 0.953000 17.000000 8.000000 21.468000 
0.966000 0.947000 17.000000 8.000000 21.682000 
0.961000 0.952000 17.000000 8.000000 21.893000 
0.968000 0.948000 17.000000 8.000000 22.108000 
0.974000 0.951000 17.000000 8.000000 22.197000 
0.968000 0.950000 17.000000 8.000000 22.405000 
0.979000 0.949000 17.000000 8.000000 22.628000 
0.974000 0.950000 17.000000 8.000000 22.822000 
0.970000 0.954000 17.000000 8.000000 23.031000 
0.971000 0.948000 17.000000 8.000000 23.249000 
0.964000 0.948000 17.000000 8.000000 23.449000 
0.980000 0.950000 17.000000 8.000000 23.647000 
0.959000 0.948000 17.000000 8.000000 23.973000 
0.981000 0.952000 17.000000 8.000000 24.310000 
0.967000 0.949000 17.000000 8.000000 24.597000 
0.984000 0.948000 17.000000 8.000000 25.007000 
0.959000 0.954000 17.000000 8.000000 25.519000 
0.970000 0.951000 17.000000 8.000000 25.733000 
0.966000 0.951000 17.000000 8.000000 25.839000 
0.965000 0.949000 17.000000 8.000000 26.037000 
0.964000 0.947000 17.000000 8.000000 26.249000 
0.970000 0.952000 17.000000 8.000000 26.461000 
0.981000 0.951000 17.000000 8.000000 26.673000 
0.974000 0.947000 17.000000 8.000000 26.876000 
0.977000 0.951000 17.000000 8.000000 27.079000 
0.981000 0.951000 17.000000 8.000000 27.304000 
0.985000 0.951000 17.000000 8.000000 27.493000 
0.976000 0.952000 17.000000 8.000000 27.707000 
0.953000 0.951000 17.000000 8.000000 27.913000 
0.982000 0.951000 17.000000 8.000000 28.128000 
0.964000 0.951000 17.000000 8.000000 28.318000 
0.983000 0.948000 17.000000 8.000000 28.430000 
0.964000 0.951000 17.000000 8.000000 28.630000 
0.970000 0.949000 17.000000 8.000000 28.838000 
0.965000 0.949000 17.000000 8.000000 29.057000 
0.972000 0.949000 17.000000 8.000000 29.267000 
0.962000 0.947000 17.000000 8.000000 29.466000 
0.979000 0.953000 17.000000 8.000000 29.673000 
0.977000 0.950000 17.000000 8.000000 29.888000 
0.977000 0.949000 17.000000 8.000000 30.088000 
0.976000 0.948000 17.000000 8.000000 30.312000 
0.986000 0.948000 17.000000 8.000000 30.616000 
0.977000 0.949000 17.000000 8.000000 30.956000 
