LIDAR(m):TOF(m):HOUR:MIN:SEC  table

0.495000 0.493000 17.000000 3.000000 48.408000 
0.495000 0.493000 17.000000 3.000000 48.606000 
0.493000 0.494000 17.000000 3.000000 48.702000 
0.491000 0.493000 17.000000 3.000000 48.919000 
0.491000 0.495000 17.000000 3.000000 49.124000 
0.493000 0.494000 17.000000 3.000000 49.336000 
0.492000 0.494000 17.000000 3.000000 49.538000 
0.493000 0.493000 17.000000 3.000000 49.752000 
0.492000 0.494000 17.000000 3.000000 49.954000 
0.493000 0.493000 17.000000 3.000000 50.169000 
0.496000 0.496000 17.000000 3.000000 50.364000 
0.492000 0.494000 17.000000 3.000000 50.587000 
0.492000 0.495000 17.000000 3.000000 50.790000 
0.493000 0.492000 17.000000 3.000000 50.985000 
0.495000 0.493000 17.000000 3.000000 51.098000 
0.492000 0.495000 17.000000 3.000000 51.322000 
0.492000 0.495000 17.000000 3.000000 51.507000 
0.493000 0.493000 17.000000 3.000000 51.713000 
0.493000 0.494000 17.000000 3.000000 51.933000 
0.494000 0.496000 17.000000 3.000000 52.341000 
0.492000 0.495000 17.000000 3.000000 52.551000 
0.493000 0.495000 17.000000 3.000000 52.757000 
0.494000 0.492000 17.000000 3.000000 53.031000 
0.496000 0.494000 17.000000 3.000000 53.201000 
0.496000 0.492000 17.000000 3.000000 53.390000 
0.492000 0.495000 17.000000 3.000000 53.699000 
0.494000 0.496000 17.000000 3.000000 54.025000 
0.493000 0.493000 17.000000 3.000000 54.226000 
0.489000 0.495000 17.000000 3.000000 54.482000 
0.495000 0.495000 17.000000 3.000000 54.723000 
0.493000 0.496000 17.000000 3.000000 54.953000 
0.493000 0.495000 17.000000 3.000000 55.144000 
0.493000 0.492000 17.000000 3.000000 55.372000 
0.494000 0.493000 17.000000 3.000000 55.561000 
0.491000 0.495000 17.000000 3.000000 55.764000 
0.492000 0.495000 17.000000 3.000000 55.995000 
0.494000 0.493000 17.000000 3.000000 56.184000 
0.493000 0.492000 17.000000 3.000000 56.400000 
0.493000 0.497000 17.000000 3.000000 56.597000 
0.492000 0.495000 17.000000 3.000000 56.809000 
0.492000 0.494000 17.000000 3.000000 57.024000 
0.492000 0.495000 17.000000 3.000000 57.220000 
0.493000 0.494000 17.000000 3.000000 57.319000 
0.492000 0.494000 17.000000 3.000000 57.965000 
0.492000 0.494000 17.000000 3.000000 58.275000 
0.491000 0.493000 17.000000 3.000000 58.987000 
0.493000 0.495000 17.000000 3.000000 59.621000 
0.492000 0.493000 17.000000 4.000000 0.252000 
0.494000 0.494000 17.000000 4.000000 0.970000 
0.493000 0.491000 17.000000 4.000000 1.370000 
0.492000 0.495000 17.000000 4.000000 1.787000 
0.493000 0.493000 17.000000 4.000000 2.408000 
0.493000 0.493000 17.000000 4.000000 3.035000 
0.494000 0.495000 17.000000 4.000000 3.658000 
0.491000 0.494000 17.000000 4.000000 3.965000 
0.494000 0.497000 17.000000 4.000000 4.178000 
0.493000 0.494000 17.000000 4.000000 4.599000 
0.493000 0.494000 17.000000 4.000000 5.221000 
0.492000 0.494000 17.000000 4.000000 5.849000 
0.493000 0.494000 17.000000 4.000000 6.617000 
0.490000 0.495000 17.000000 4.000000 6.987000 
0.495000 0.495000 17.000000 4.000000 7.816000 
0.491000 0.494000 17.000000 4.000000 8.428000 
0.494000 0.493000 17.000000 4.000000 9.070000 
0.495000 0.492000 17.000000 4.000000 9.682000 
0.493000 0.494000 17.000000 4.000000 10.199000 
0.493000 0.493000 17.000000 4.000000 10.843000 
0.492000 0.495000 17.000000 4.000000 11.450000 
0.493000 0.497000 17.000000 4.000000 12.086000 
0.493000 0.493000 17.000000 4.000000 12.596000 
0.492000 0.493000 17.000000 4.000000 13.153000 
0.490000 0.493000 17.000000 4.000000 13.673000 
0.490000 0.495000 17.000000 4.000000 14.252000 
0.494000 0.492000 17.000000 4.000000 14.882000 
0.493000 0.495000 17.000000 4.000000 15.516000 
0.492000 0.495000 17.000000 4.000000 16.004000 
0.496000 0.490000 17.000000 4.000000 16.734000 
0.492000 0.497000 17.000000 4.000000 17.253000 
0.492000 0.493000 17.000000 4.000000 18.092000 
0.494000 0.494000 17.000000 4.000000 18.713000 
0.494000 0.496000 17.000000 4.000000 19.236000 
0.491000 0.493000 17.000000 4.000000 19.858000 
0.492000 0.492000 17.000000 4.000000 20.486000 
0.492000 0.497000 17.000000 4.000000 21.095000 
0.492000 0.498000 17.000000 4.000000 21.726000 
0.492000 0.495000 17.000000 4.000000 22.248000 
0.492000 0.496000 17.000000 4.000000 22.986000 
0.495000 0.494000 17.000000 4.000000 23.516000 
0.493000 0.495000 17.000000 4.000000 24.310000 
0.492000 0.493000 17.000000 4.000000 24.936000 
0.492000 0.494000 17.000000 4.000000 25.484000 
0.493000 0.494000 17.000000 4.000000 26.091000 
0.494000 0.493000 17.000000 4.000000 26.716000 
0.493000 0.495000 17.000000 4.000000 27.354000 
0.494000 0.495000 17.000000 4.000000 27.860000 
0.493000 0.495000 17.000000 4.000000 28.503000 
0.492000 0.495000 17.000000 4.000000 29.089000 
0.491000 0.494000 17.000000 4.000000 29.820000 
0.488000 0.493000 17.000000 4.000000 30.334000 
0.492000 0.492000 17.000000 4.000000 31.271000 
