LIDAR(m):TOF(m):HOUR:MIN:SEC  table

0.247000 0.250000 17.000000 2.000000 9.483000 
0.247000 0.249000 17.000000 2.000000 9.580000 
0.247000 0.251000 17.000000 2.000000 9.796000 
0.247000 0.249000 17.000000 2.000000 10.002000 
0.247000 0.251000 17.000000 2.000000 10.208000 
0.247000 0.252000 17.000000 2.000000 10.413000 
0.247000 0.249000 17.000000 2.000000 10.632000 
0.247000 0.251000 17.000000 2.000000 10.824000 
0.247000 0.247000 17.000000 2.000000 11.036000 
0.247000 0.251000 17.000000 2.000000 11.261000 
0.247000 0.248000 17.000000 2.000000 11.450000 
0.247000 0.250000 17.000000 2.000000 11.659000 
0.247000 0.251000 17.000000 2.000000 11.859000 
0.247000 0.251000 17.000000 2.000000 12.090000 
0.247000 0.249000 17.000000 2.000000 12.291000 
0.247000 0.250000 17.000000 2.000000 12.381000 
0.247000 0.250000 17.000000 2.000000 12.756000 
0.247000 0.250000 17.000000 2.000000 13.097000 
0.247000 0.252000 17.000000 2.000000 13.277000 
0.247000 0.250000 17.000000 2.000000 13.527000 
0.247000 0.252000 17.000000 2.000000 13.772000 
0.247000 0.248000 17.000000 2.000000 14.112000 
0.247000 0.248000 17.000000 2.000000 14.271000 
0.247000 0.250000 17.000000 2.000000 14.468000 
0.247000 0.248000 17.000000 2.000000 14.671000 
0.247000 0.250000 17.000000 2.000000 14.878000 
0.247000 0.249000 17.000000 2.000000 15.091000 
0.247000 0.250000 17.000000 2.000000 15.298000 
0.247000 0.251000 17.000000 2.000000 15.403000 
0.247000 0.250000 17.000000 2.000000 15.602000 
0.247000 0.248000 17.000000 2.000000 16.059000 
0.247000 0.248000 17.000000 2.000000 16.526000 
0.247000 0.249000 17.000000 2.000000 16.862000 
0.247000 0.250000 17.000000 2.000000 17.054000 
0.247000 0.247000 17.000000 2.000000 17.367000 
0.247000 0.249000 17.000000 2.000000 17.682000 
0.248000 0.249000 17.000000 2.000000 17.900000 
0.247000 0.249000 17.000000 2.000000 18.091000 
0.247000 0.246000 17.000000 2.000000 18.191000 
0.247000 0.249000 17.000000 2.000000 18.400000 
0.247000 0.251000 17.000000 2.000000 18.631000 
0.247000 0.251000 17.000000 2.000000 18.826000 
0.247000 0.249000 17.000000 2.000000 19.022000 
0.247000 0.249000 17.000000 2.000000 19.251000 
0.247000 0.250000 17.000000 2.000000 19.442000 
0.247000 0.247000 17.000000 2.000000 19.670000 
0.247000 0.248000 17.000000 2.000000 19.863000 
0.247000 0.250000 17.000000 2.000000 20.075000 
0.247000 0.249000 17.000000 2.000000 20.282000 
0.247000 0.249000 17.000000 2.000000 20.479000 
0.247000 0.249000 17.000000 2.000000 20.694000 
0.247000 0.249000 17.000000 2.000000 21.104000 
0.247000 0.250000 17.000000 2.000000 21.307000 
0.247000 0.248000 17.000000 2.000000 21.516000 
0.247000 0.249000 17.000000 2.000000 21.623000 
0.247000 0.249000 17.000000 2.000000 21.826000 
0.247000 0.248000 17.000000 2.000000 22.048000 
0.247000 0.249000 17.000000 2.000000 22.245000 
0.247000 0.249000 17.000000 2.000000 22.467000 
0.247000 0.250000 17.000000 2.000000 22.776000 
0.247000 0.250000 17.000000 2.000000 23.092000 
0.247000 0.248000 17.000000 2.000000 23.277000 
0.247000 0.252000 17.000000 2.000000 23.487000 
0.247000 0.251000 17.000000 2.000000 23.731000 
0.247000 0.250000 17.000000 2.000000 23.941000 
0.247000 0.248000 17.000000 2.000000 24.174000 
0.247000 0.249000 17.000000 2.000000 24.431000 
0.247000 0.251000 17.000000 2.000000 24.630000 
0.247000 0.249000 17.000000 2.000000 24.852000 
0.247000 0.250000 17.000000 2.000000 25.049000 
0.247000 0.249000 17.000000 2.000000 25.258000 
0.247000 0.250000 17.000000 2.000000 25.473000 
0.247000 0.249000 17.000000 2.000000 25.672000 
0.247000 0.249000 17.000000 2.000000 25.883000 
0.247000 0.249000 17.000000 2.000000 26.081000 
0.247000 0.250000 17.000000 2.000000 26.302000 
0.247000 0.250000 17.000000 2.000000 26.495000 
0.247000 0.250000 17.000000 2.000000 26.724000 
0.247000 0.250000 17.000000 2.000000 26.928000 
0.247000 0.250000 17.000000 2.000000 27.029000 
0.247000 0.250000 17.000000 2.000000 27.228000 
0.247000 0.249000 17.000000 2.000000 27.425000 
0.247000 0.249000 17.000000 2.000000 27.638000 
0.247000 0.248000 17.000000 2.000000 27.847000 
0.247000 0.250000 17.000000 2.000000 28.058000 
0.247000 0.252000 17.000000 2.000000 28.257000 
0.247000 0.249000 17.000000 2.000000 28.480000 
0.247000 0.252000 17.000000 2.000000 28.685000 
0.246000 0.250000 17.000000 2.000000 28.908000 
0.247000 0.248000 17.000000 2.000000 29.096000 
0.247000 0.249000 17.000000 2.000000 29.310000 
0.247000 0.248000 17.000000 2.000000 29.511000 
0.247000 0.250000 17.000000 2.000000 29.760000 
0.247000 0.249000 17.000000 2.000000 29.950000 
0.247000 0.250000 17.000000 2.000000 30.309000 
0.247000 0.248000 17.000000 2.000000 30.462000 
0.247000 0.248000 17.000000 2.000000 30.649000 
0.247000 0.249000 17.000000 2.000000 30.960000 
0.247000 0.251000 17.000000 2.000000 31.072000 
0.247000 0.248000 17.000000 2.000000 31.267000 
