LIDAR(m):TOF(m):HOUR:MIN:SEC  table

0.095000 0.100000 16.000000 54.000000 45.288000 
0.095000 0.100000 16.000000 54.000000 45.610000 
0.095000 0.101000 16.000000 54.000000 45.697000 
0.094000 0.100000 16.000000 54.000000 46.068000 
0.094000 0.101000 16.000000 54.000000 46.319000 
0.095000 0.103000 16.000000 54.000000 46.535000 
0.095000 0.102000 16.000000 54.000000 46.743000 
0.094000 0.100000 16.000000 54.000000 46.949000 
0.094000 0.100000 16.000000 54.000000 47.158000 
0.095000 0.101000 16.000000 54.000000 47.360000 
0.095000 0.099000 16.000000 54.000000 47.570000 
0.095000 0.100000 16.000000 54.000000 47.774000 
0.094000 0.101000 16.000000 54.000000 47.987000 
0.095000 0.100000 16.000000 54.000000 48.191000 
0.095000 0.100000 16.000000 54.000000 48.394000 
0.094000 0.101000 16.000000 54.000000 48.607000 
0.095000 0.102000 16.000000 54.000000 48.810000 
0.095000 0.102000 16.000000 54.000000 48.936000 
0.095000 0.101000 16.000000 54.000000 49.136000 
0.095000 0.100000 16.000000 54.000000 49.331000 
0.095000 0.102000 16.000000 54.000000 49.533000 
0.095000 0.101000 16.000000 54.000000 49.743000 
0.094000 0.100000 16.000000 54.000000 49.957000 
0.094000 0.100000 16.000000 54.000000 50.163000 
0.095000 0.101000 16.000000 54.000000 50.388000 
0.095000 0.100000 16.000000 54.000000 50.581000 
0.094000 0.100000 16.000000 54.000000 50.790000 
0.094000 0.100000 16.000000 54.000000 50.985000 
0.095000 0.102000 16.000000 54.000000 51.308000 
0.094000 0.102000 16.000000 54.000000 51.646000 
0.095000 0.099000 16.000000 54.000000 51.719000 
0.094000 0.103000 16.000000 54.000000 52.195000 
0.095000 0.100000 16.000000 54.000000 52.337000 
0.095000 0.102000 16.000000 54.000000 52.672000 
0.095000 0.103000 16.000000 54.000000 52.863000 
0.094000 0.102000 16.000000 54.000000 53.167000 
0.095000 0.099000 16.000000 54.000000 53.385000 
0.095000 0.101000 16.000000 54.000000 53.583000 
0.094000 0.101000 16.000000 54.000000 53.794000 
0.095000 0.102000 16.000000 54.000000 54.010000 
0.095000 0.100000 16.000000 54.000000 54.219000 
0.095000 0.102000 16.000000 54.000000 54.424000 
0.094000 0.101000 16.000000 54.000000 54.629000 
0.094000 0.101000 16.000000 54.000000 54.834000 
0.095000 0.101000 16.000000 54.000000 54.928000 
0.095000 0.100000 16.000000 54.000000 55.140000 
0.095000 0.102000 16.000000 54.000000 55.348000 
0.094000 0.102000 16.000000 54.000000 55.564000 
0.095000 0.102000 16.000000 54.000000 55.773000 
0.095000 0.101000 16.000000 54.000000 55.968000 
0.094000 0.105000 16.000000 54.000000 56.198000 
0.094000 0.101000 16.000000 54.000000 56.390000 
0.094000 0.101000 16.000000 54.000000 56.618000 
0.094000 0.102000 16.000000 54.000000 56.799000 
0.094000 0.100000 16.000000 54.000000 57.014000 
0.095000 0.102000 16.000000 54.000000 57.228000 
0.094000 0.101000 16.000000 54.000000 57.435000 
0.095000 0.101000 16.000000 54.000000 57.632000 
0.094000 0.101000 16.000000 54.000000 57.739000 
0.094000 0.100000 16.000000 54.000000 58.053000 
0.094000 0.101000 16.000000 54.000000 58.377000 
0.095000 0.102000 16.000000 54.000000 58.571000 
0.094000 0.102000 16.000000 54.000000 58.885000 
0.094000 0.100000 16.000000 54.000000 59.225000 
0.095000 0.102000 16.000000 54.000000 59.415000 
0.094000 0.102000 16.000000 54.000000 59.608000 
0.094000 0.104000 16.000000 54.000000 59.827000 
0.095000 0.100000 16.000000 55.000000 0.018000 
0.095000 0.102000 16.000000 55.000000 0.228000 
0.094000 0.101000 16.000000 55.000000 0.446000 
0.095000 0.104000 16.000000 55.000000 0.541000 
0.095000 0.102000 16.000000 55.000000 0.760000 
0.095000 0.103000 16.000000 55.000000 0.963000 
0.095000 0.103000 16.000000 55.000000 1.168000 
0.094000 0.101000 16.000000 55.000000 1.373000 
0.094000 0.102000 16.000000 55.000000 1.599000 
0.095000 0.104000 16.000000 55.000000 1.779000 
0.094000 0.099000 16.000000 55.000000 1.996000 
0.094000 0.102000 16.000000 55.000000 2.208000 
0.095000 0.101000 16.000000 55.000000 2.420000 
0.094000 0.100000 16.000000 55.000000 2.625000 
0.094000 0.100000 16.000000 55.000000 2.822000 
0.095000 0.100000 16.000000 55.000000 3.036000 
0.095000 0.101000 16.000000 55.000000 3.237000 
0.095000 0.102000 16.000000 55.000000 3.450000 
0.095000 0.101000 16.000000 55.000000 3.664000 
0.095000 0.101000 16.000000 55.000000 3.877000 
0.095000 0.102000 16.000000 55.000000 4.071000 
0.095000 0.102000 16.000000 55.000000 4.171000 
0.095000 0.102000 16.000000 55.000000 4.392000 
0.095000 0.103000 16.000000 55.000000 4.588000 
0.095000 0.102000 16.000000 55.000000 4.791000 
0.094000 0.102000 16.000000 55.000000 5.075000 
0.095000 0.101000 16.000000 55.000000 5.263000 
0.095000 0.103000 16.000000 55.000000 5.597000 
0.095000 0.103000 16.000000 55.000000 5.836000 
0.095000 0.102000 16.000000 55.000000 6.079000 
0.094000 0.102000 16.000000 55.000000 6.261000 
0.095000 0.101000 16.000000 55.000000 6.459000 
0.095000 0.102000 16.000000 55.000000 6.560000 
