LIDAR(m):TOF(m):HOUR:MIN:SEC  table

0.197000 0.200000 16.000000 59.000000 12.540000 
0.197000 0.198000 16.000000 59.000000 13.207000 
0.197000 0.200000 16.000000 59.000000 13.568000 
0.197000 0.198000 16.000000 59.000000 13.883000 
0.197000 0.200000 16.000000 59.000000 13.991000 
0.197000 0.200000 16.000000 59.000000 14.194000 
0.197000 0.199000 16.000000 59.000000 14.392000 
0.197000 0.197000 16.000000 59.000000 14.614000 
0.197000 0.200000 16.000000 59.000000 14.831000 
0.197000 0.201000 16.000000 59.000000 15.022000 
0.197000 0.201000 16.000000 59.000000 15.288000 
0.196000 0.200000 16.000000 59.000000 15.530000 
0.197000 0.197000 16.000000 59.000000 15.771000 
0.196000 0.198000 16.000000 59.000000 16.125000 
0.197000 0.199000 16.000000 59.000000 16.311000 
0.197000 0.200000 16.000000 59.000000 16.793000 
0.197000 0.198000 16.000000 59.000000 17.093000 
0.197000 0.198000 16.000000 59.000000 17.297000 
0.197000 0.198000 16.000000 59.000000 17.408000 
0.197000 0.204000 16.000000 59.000000 17.619000 
0.197000 0.199000 16.000000 59.000000 17.828000 
0.197000 0.200000 16.000000 59.000000 18.034000 
0.197000 0.201000 16.000000 59.000000 18.228000 
0.197000 0.201000 16.000000 59.000000 18.440000 
0.197000 0.201000 16.000000 59.000000 18.670000 
0.197000 0.199000 16.000000 59.000000 18.878000 
0.197000 0.198000 16.000000 59.000000 19.066000 
0.197000 0.198000 16.000000 59.000000 19.278000 
0.197000 0.201000 16.000000 59.000000 19.489000 
0.197000 0.201000 16.000000 59.000000 19.697000 
0.197000 0.199000 16.000000 59.000000 19.889000 
0.197000 0.199000 16.000000 59.000000 20.017000 
0.197000 0.199000 16.000000 59.000000 20.203000 
0.197000 0.199000 16.000000 59.000000 20.522000 
0.197000 0.204000 16.000000 59.000000 20.621000 
0.197000 0.197000 16.000000 59.000000 20.836000 
0.197000 0.199000 16.000000 59.000000 21.240000 
0.197000 0.198000 16.000000 59.000000 21.467000 
0.197000 0.198000 16.000000 59.000000 21.669000 
0.197000 0.200000 16.000000 59.000000 21.893000 
0.197000 0.200000 16.000000 59.000000 22.227000 
0.197000 0.200000 16.000000 59.000000 22.841000 
0.197000 0.199000 16.000000 59.000000 23.183000 
0.197000 0.200000 16.000000 59.000000 23.944000 
0.197000 0.198000 16.000000 59.000000 24.057000 
0.197000 0.199000 16.000000 59.000000 24.253000 
0.197000 0.198000 16.000000 59.000000 24.469000 
0.197000 0.201000 16.000000 59.000000 24.662000 
0.197000 0.200000 16.000000 59.000000 24.872000 
0.197000 0.199000 16.000000 59.000000 25.089000 
0.197000 0.202000 16.000000 59.000000 25.293000 
0.197000 0.198000 16.000000 59.000000 25.503000 
0.197000 0.200000 16.000000 59.000000 25.718000 
0.197000 0.200000 16.000000 59.000000 25.915000 
0.197000 0.200000 16.000000 59.000000 26.135000 
0.197000 0.200000 16.000000 59.000000 26.222000 
0.197000 0.200000 16.000000 59.000000 26.431000 
0.197000 0.199000 16.000000 59.000000 26.650000 
0.197000 0.199000 16.000000 59.000000 26.870000 
0.197000 0.199000 16.000000 59.000000 27.074000 
0.197000 0.202000 16.000000 59.000000 27.267000 
0.197000 0.198000 16.000000 59.000000 27.469000 
0.197000 0.199000 16.000000 59.000000 27.680000 
0.197000 0.199000 16.000000 59.000000 27.893000 
0.197000 0.200000 16.000000 59.000000 28.100000 
0.197000 0.199000 16.000000 59.000000 28.296000 
0.197000 0.200000 16.000000 59.000000 28.512000 
0.197000 0.203000 16.000000 59.000000 28.859000 
0.197000 0.198000 16.000000 59.000000 29.542000 
0.197000 0.200000 16.000000 59.000000 29.880000 
0.197000 0.197000 16.000000 59.000000 30.323000 
0.197000 0.199000 16.000000 59.000000 30.510000 
0.197000 0.201000 16.000000 59.000000 30.702000 
0.197000 0.201000 16.000000 59.000000 30.930000 
0.197000 0.199000 16.000000 59.000000 31.119000 
0.197000 0.201000 16.000000 59.000000 31.326000 
0.197000 0.200000 16.000000 59.000000 31.519000 
0.197000 0.198000 16.000000 59.000000 31.744000 
0.197000 0.198000 16.000000 59.000000 31.935000 
0.197000 0.201000 16.000000 59.000000 32.163000 
0.197000 0.197000 16.000000 59.000000 32.349000 
0.197000 0.200000 16.000000 59.000000 32.461000 
0.197000 0.201000 16.000000 59.000000 32.659000 
0.197000 0.199000 16.000000 59.000000 32.882000 
0.197000 0.202000 16.000000 59.000000 33.083000 
0.197000 0.199000 16.000000 59.000000 33.279000 
0.197000 0.200000 16.000000 59.000000 33.505000 
0.197000 0.200000 16.000000 59.000000 33.709000 
0.197000 0.199000 16.000000 59.000000 33.907000 
0.197000 0.201000 16.000000 59.000000 34.114000 
0.197000 0.200000 16.000000 59.000000 34.339000 
0.197000 0.198000 16.000000 59.000000 34.756000 
0.197000 0.201000 16.000000 59.000000 34.945000 
0.197000 0.199000 16.000000 59.000000 35.167000 
0.197000 0.201000 16.000000 59.000000 35.413000 
0.197000 0.200000 16.000000 59.000000 36.098000 
0.197000 0.200000 16.000000 59.000000 36.589000 
0.197000 0.200000 16.000000 59.000000 37.074000 
0.197000 0.200000 16.000000 59.000000 37.411000 
0.197000 0.200000 16.000000 59.000000 37.756000 
