LIDAR(m):TOF(m):HOUR:MIN:SEC  table

0.047000 0.047000 16.000000 53.000000 3.683000 
0.047000 0.048000 16.000000 53.000000 3.984000 
0.047000 0.049000 16.000000 53.000000 4.415000 
0.047000 0.048000 16.000000 53.000000 4.678000 
0.047000 0.050000 16.000000 53.000000 4.866000 
0.047000 0.048000 16.000000 53.000000 5.237000 
0.047000 0.047000 16.000000 53.000000 5.548000 
0.047000 0.049000 16.000000 53.000000 5.946000 
0.047000 0.047000 16.000000 53.000000 6.264000 
0.047000 0.048000 16.000000 53.000000 6.377000 
0.047000 0.048000 16.000000 53.000000 6.575000 
0.047000 0.049000 16.000000 53.000000 6.790000 
0.047000 0.046000 16.000000 53.000000 6.999000 
0.047000 0.047000 16.000000 53.000000 7.199000 
0.047000 0.046000 16.000000 53.000000 7.420000 
0.047000 0.048000 16.000000 53.000000 7.615000 
0.047000 0.047000 16.000000 53.000000 7.826000 
0.047000 0.048000 16.000000 53.000000 8.030000 
0.047000 0.047000 16.000000 53.000000 8.235000 
0.047000 0.048000 16.000000 53.000000 8.449000 
0.047000 0.046000 16.000000 53.000000 8.655000 
0.047000 0.047000 16.000000 53.000000 8.874000 
0.047000 0.047000 16.000000 53.000000 9.065000 
0.047000 0.048000 16.000000 53.000000 9.276000 
0.047000 0.048000 16.000000 53.000000 9.386000 
0.047000 0.047000 16.000000 53.000000 9.584000 
0.047000 0.046000 16.000000 53.000000 9.796000 
0.047000 0.049000 16.000000 53.000000 10.009000 
0.047000 0.048000 16.000000 53.000000 10.209000 
0.047000 0.048000 16.000000 53.000000 10.433000 
0.047000 0.047000 16.000000 53.000000 10.634000 
0.047000 0.049000 16.000000 53.000000 11.111000 
0.047000 0.048000 16.000000 53.000000 11.246000 
0.047000 0.047000 16.000000 53.000000 11.456000 
0.047000 0.048000 16.000000 53.000000 11.742000 
0.047000 0.047000 16.000000 53.000000 11.921000 
0.047000 0.048000 16.000000 53.000000 12.406000 
0.047000 0.047000 16.000000 53.000000 12.699000 
0.047000 0.048000 16.000000 53.000000 12.805000 
0.047000 0.047000 16.000000 53.000000 13.007000 
0.047000 0.047000 16.000000 53.000000 13.216000 
0.047000 0.047000 16.000000 53.000000 13.428000 
0.047000 0.047000 16.000000 53.000000 13.639000 
0.047000 0.049000 16.000000 53.000000 13.851000 
0.047000 0.046000 16.000000 53.000000 14.160000 
0.047000 0.046000 16.000000 53.000000 14.482000 
0.047000 0.047000 16.000000 53.000000 14.696000 
0.047000 0.046000 16.000000 53.000000 14.988000 
0.047000 0.049000 16.000000 53.000000 15.307000 
0.047000 0.048000 16.000000 53.000000 15.409000 
0.047000 0.049000 16.000000 53.000000 15.742000 
0.047000 0.048000 16.000000 53.000000 16.020000 
0.047000 0.046000 16.000000 53.000000 16.234000 
0.047000 0.048000 16.000000 53.000000 16.464000 
0.047000 0.046000 16.000000 53.000000 16.640000 
0.047000 0.049000 16.000000 53.000000 16.850000 
0.047000 0.048000 16.000000 53.000000 17.057000 
0.047000 0.048000 16.000000 53.000000 17.271000 
0.047000 0.046000 16.000000 53.000000 17.477000 
0.047000 0.051000 16.000000 53.000000 17.687000 
0.047000 0.048000 16.000000 53.000000 17.907000 
0.047000 0.048000 16.000000 53.000000 18.111000 
0.047000 0.051000 16.000000 53.000000 18.682000 
0.047000 0.046000 16.000000 53.000000 19.139000 
0.047000 0.045000 16.000000 53.000000 19.451000 
0.047000 0.048000 16.000000 53.000000 19.659000 
0.047000 0.049000 16.000000 53.000000 19.869000 
0.047000 0.046000 16.000000 53.000000 20.065000 
0.047000 0.047000 16.000000 53.000000 20.287000 
0.047000 0.047000 16.000000 53.000000 20.486000 
0.047000 0.048000 16.000000 53.000000 20.691000 
0.047000 0.049000 16.000000 53.000000 21.004000 
0.047000 0.049000 16.000000 53.000000 21.219000 
0.047000 0.045000 16.000000 53.000000 21.428000 
0.047000 0.047000 16.000000 53.000000 21.860000 
0.047000 0.046000 16.000000 53.000000 22.037000 
0.047000 0.048000 16.000000 53.000000 22.868000 
0.047000 0.048000 16.000000 53.000000 23.081000 
0.047000 0.046000 16.000000 53.000000 23.291000 
0.047000 0.048000 16.000000 53.000000 23.488000 
0.047000 0.048000 16.000000 53.000000 23.697000 
0.047000 0.047000 16.000000 53.000000 23.907000 
0.047000 0.047000 16.000000 53.000000 24.126000 
0.047000 0.046000 16.000000 53.000000 24.223000 
0.047000 0.047000 16.000000 53.000000 24.429000 
0.047000 0.048000 16.000000 53.000000 24.638000 
0.047000 0.047000 16.000000 53.000000 24.849000 
0.047000 0.048000 16.000000 53.000000 25.047000 
0.047000 0.046000 16.000000 53.000000 25.262000 
0.047000 0.047000 16.000000 53.000000 25.476000 
0.047000 0.048000 16.000000 53.000000 25.672000 
0.047000 0.046000 16.000000 53.000000 25.895000 
0.047000 0.048000 16.000000 53.000000 26.091000 
0.047000 0.047000 16.000000 53.000000 26.298000 
0.047000 0.049000 16.000000 53.000000 26.518000 
0.047000 0.047000 16.000000 53.000000 26.715000 
0.047000 0.047000 16.000000 53.000000 26.917000 
0.047000 0.049000 16.000000 53.000000 27.142000 
0.047000 0.046000 16.000000 53.000000 27.340000 
0.047000 0.046000 16.000000 53.000000 27.556000 
