LIDAR(m):TOF(m):HOUR:MIN:SEC  table

0.247000 0.248000 17.000000 2.000000 41.764000 
0.247000 0.248000 17.000000 2.000000 41.963000 
0.247000 0.250000 17.000000 2.000000 42.185000 
0.247000 0.248000 17.000000 2.000000 42.385000 
0.247000 0.247000 17.000000 2.000000 42.483000 
0.247000 0.249000 17.000000 2.000000 42.858000 
0.247000 0.251000 17.000000 2.000000 43.260000 
0.247000 0.248000 17.000000 2.000000 43.704000 
0.247000 0.249000 17.000000 2.000000 43.937000 
0.247000 0.250000 17.000000 2.000000 44.353000 
0.246000 0.250000 17.000000 2.000000 44.565000 
0.247000 0.250000 17.000000 2.000000 44.770000 
0.247000 0.249000 17.000000 2.000000 44.984000 
0.247000 0.249000 17.000000 2.000000 45.184000 
0.247000 0.251000 17.000000 2.000000 45.282000 
0.247000 0.250000 17.000000 2.000000 45.494000 
0.247000 0.249000 17.000000 2.000000 45.706000 
0.247000 0.251000 17.000000 2.000000 46.328000 
0.247000 0.250000 17.000000 2.000000 46.872000 
0.247000 0.250000 17.000000 2.000000 47.577000 
0.247000 0.248000 17.000000 2.000000 47.780000 
0.247000 0.252000 17.000000 2.000000 47.983000 
0.247000 0.249000 17.000000 2.000000 48.194000 
0.247000 0.249000 17.000000 2.000000 48.409000 
0.247000 0.248000 17.000000 2.000000 48.501000 
0.247000 0.253000 17.000000 2.000000 48.725000 
0.247000 0.248000 17.000000 2.000000 48.927000 
0.247000 0.250000 17.000000 2.000000 49.126000 
0.247000 0.249000 17.000000 2.000000 49.349000 
0.247000 0.251000 17.000000 2.000000 49.545000 
0.247000 0.252000 17.000000 2.000000 49.752000 
0.247000 0.249000 17.000000 2.000000 49.955000 
0.247000 0.250000 17.000000 2.000000 50.167000 
0.247000 0.249000 17.000000 2.000000 50.396000 
0.247000 0.247000 17.000000 2.000000 50.585000 
0.247000 0.250000 17.000000 2.000000 50.791000 
0.247000 0.249000 17.000000 2.000000 51.003000 
0.246000 0.249000 17.000000 2.000000 51.210000 
0.247000 0.253000 17.000000 2.000000 51.420000 
0.248000 0.249000 17.000000 2.000000 51.617000 
0.247000 0.250000 17.000000 2.000000 51.723000 
0.247000 0.250000 17.000000 2.000000 51.923000 
0.247000 0.247000 17.000000 2.000000 52.137000 
0.247000 0.248000 17.000000 2.000000 52.346000 
0.247000 0.250000 17.000000 2.000000 52.567000 
0.247000 0.248000 17.000000 2.000000 52.896000 
0.247000 0.250000 17.000000 2.000000 53.351000 
0.247000 0.248000 17.000000 2.000000 53.593000 
0.246000 0.249000 17.000000 2.000000 53.834000 
0.247000 0.251000 17.000000 2.000000 54.030000 
0.247000 0.249000 17.000000 2.000000 54.330000 
0.247000 0.248000 17.000000 2.000000 54.522000 
0.247000 0.249000 17.000000 2.000000 54.746000 
0.247000 0.250000 17.000000 2.000000 54.945000 
0.247000 0.248000 17.000000 2.000000 55.146000 
0.246000 0.249000 17.000000 2.000000 55.359000 
0.247000 0.249000 17.000000 2.000000 55.767000 
0.247000 0.249000 17.000000 2.000000 55.982000 
0.247000 0.248000 17.000000 2.000000 56.191000 
0.247000 0.248000 17.000000 2.000000 56.388000 
0.247000 0.252000 17.000000 2.000000 56.612000 
0.247000 0.250000 17.000000 2.000000 56.816000 
0.247000 0.250000 17.000000 2.000000 57.012000 
0.247000 0.249000 17.000000 2.000000 57.240000 
0.247000 0.246000 17.000000 2.000000 57.329000 
0.247000 0.250000 17.000000 2.000000 57.535000 
0.247000 0.250000 17.000000 2.000000 57.740000 
0.247000 0.249000 17.000000 2.000000 57.951000 
0.247000 0.249000 17.000000 2.000000 58.167000 
0.247000 0.252000 17.000000 2.000000 58.365000 
0.247000 0.251000 17.000000 2.000000 58.573000 
0.247000 0.248000 17.000000 2.000000 58.789000 
0.247000 0.249000 17.000000 2.000000 58.991000 
0.247000 0.249000 17.000000 2.000000 59.193000 
0.247000 0.249000 17.000000 2.000000 59.412000 
0.247000 0.246000 17.000000 2.000000 59.609000 
0.247000 0.248000 17.000000 2.000000 59.863000 
0.247000 0.249000 17.000000 3.000000 0.076000 
0.247000 0.249000 17.000000 3.000000 0.563000 
0.247000 0.252000 17.000000 3.000000 0.751000 
0.247000 0.250000 17.000000 3.000000 1.001000 
0.248000 0.250000 17.000000 3.000000 1.173000 
0.247000 0.249000 17.000000 3.000000 1.374000 
0.247000 0.248000 17.000000 3.000000 1.598000 
0.247000 0.249000 17.000000 3.000000 1.800000 
0.247000 0.248000 17.000000 3.000000 2.016000 
0.247000 0.248000 17.000000 3.000000 2.206000 
0.247000 0.250000 17.000000 3.000000 2.433000 
0.247000 0.248000 17.000000 3.000000 2.631000 
0.247000 0.249000 17.000000 3.000000 2.838000 
0.247000 0.251000 17.000000 3.000000 3.041000 
0.247000 0.248000 17.000000 3.000000 3.274000 
0.247000 0.250000 17.000000 3.000000 3.341000 
0.247000 0.250000 17.000000 3.000000 3.572000 
0.247000 0.250000 17.000000 3.000000 3.762000 
0.247000 0.251000 17.000000 3.000000 3.987000 
0.247000 0.247000 17.000000 3.000000 4.181000 
0.247000 0.249000 17.000000 3.000000 4.383000 
0.247000 0.249000 17.000000 3.000000 4.591000 
0.247000 0.251000 17.000000 3.000000 4.828000 
