LIDAR(m):TOF(m):HOUR:MIN:SEC  table

0.047000 0.049000 16.000000 51.000000 39.711000 
0.047000 0.049000 16.000000 51.000000 39.920000 
0.047000 0.048000 16.000000 51.000000 40.131000 
0.047000 0.048000 16.000000 51.000000 40.331000 
0.047000 0.048000 16.000000 51.000000 40.631000 
0.047000 0.048000 16.000000 51.000000 40.863000 
0.047000 0.050000 16.000000 51.000000 41.098000 
0.047000 0.049000 16.000000 51.000000 41.463000 
0.047000 0.048000 16.000000 51.000000 41.997000 
0.047000 0.049000 16.000000 51.000000 42.238000 
0.047000 0.047000 16.000000 51.000000 42.508000 
0.047000 0.047000 16.000000 51.000000 42.717000 
0.047000 0.048000 16.000000 51.000000 42.918000 
0.047000 0.047000 16.000000 51.000000 43.144000 
0.047000 0.047000 16.000000 51.000000 43.340000 
0.047000 0.049000 16.000000 51.000000 43.567000 
0.047000 0.047000 16.000000 51.000000 43.754000 
0.047000 0.047000 16.000000 51.000000 44.219000 
0.047000 0.047000 16.000000 51.000000 44.771000 
0.047000 0.048000 16.000000 51.000000 45.230000 
0.047000 0.050000 16.000000 51.000000 45.520000 
0.047000 0.049000 16.000000 51.000000 45.755000 
0.047000 0.048000 16.000000 51.000000 45.932000 
0.047000 0.048000 16.000000 51.000000 46.168000 
0.047000 0.049000 16.000000 51.000000 46.358000 
0.047000 0.047000 16.000000 51.000000 46.556000 
0.047000 0.048000 16.000000 51.000000 46.764000 
0.047000 0.048000 16.000000 51.000000 46.976000 
0.047000 0.047000 16.000000 51.000000 47.196000 
0.047000 0.048000 16.000000 51.000000 47.380000 
0.047000 0.047000 16.000000 51.000000 47.604000 
0.047000 0.048000 16.000000 51.000000 47.716000 
0.047000 0.049000 16.000000 51.000000 47.902000 
0.047000 0.048000 16.000000 51.000000 48.123000 
0.047000 0.047000 16.000000 51.000000 48.321000 
0.047000 0.046000 16.000000 51.000000 48.530000 
0.047000 0.048000 16.000000 51.000000 48.730000 
0.047000 0.047000 16.000000 51.000000 48.940000 
0.047000 0.047000 16.000000 51.000000 49.160000 
0.047000 0.050000 16.000000 51.000000 49.375000 
0.047000 0.049000 16.000000 51.000000 49.566000 
0.047000 0.049000 16.000000 51.000000 49.782000 
0.047000 0.048000 16.000000 51.000000 49.997000 
0.047000 0.048000 16.000000 51.000000 50.206000 
0.047000 0.048000 16.000000 51.000000 50.400000 
0.047000 0.048000 16.000000 51.000000 50.616000 
0.047000 0.050000 16.000000 51.000000 50.822000 
0.047000 0.047000 16.000000 51.000000 51.084000 
0.047000 0.046000 16.000000 51.000000 51.606000 
0.047000 0.047000 16.000000 51.000000 51.960000 
0.047000 0.048000 16.000000 51.000000 52.212000 
0.047000 0.048000 16.000000 51.000000 52.371000 
0.047000 0.046000 16.000000 51.000000 52.577000 
0.047000 0.047000 16.000000 51.000000 52.805000 
0.047000 0.047000 16.000000 51.000000 52.998000 
0.047000 0.047000 16.000000 51.000000 53.218000 
0.047000 0.046000 16.000000 51.000000 53.420000 
0.047000 0.049000 16.000000 51.000000 53.615000 
0.047000 0.049000 16.000000 51.000000 54.032000 
0.047000 0.046000 16.000000 51.000000 54.146000 
0.047000 0.047000 16.000000 51.000000 54.341000 
0.047000 0.048000 16.000000 51.000000 54.542000 
0.047000 0.047000 16.000000 51.000000 54.751000 
0.047000 0.049000 16.000000 51.000000 54.961000 
0.047000 0.047000 16.000000 51.000000 55.175000 
0.047000 0.047000 16.000000 51.000000 55.377000 
0.047000 0.049000 16.000000 51.000000 55.584000 
0.047000 0.047000 16.000000 51.000000 55.814000 
0.047000 0.049000 16.000000 51.000000 56.002000 
0.047000 0.047000 16.000000 51.000000 56.208000 
0.047000 0.047000 16.000000 51.000000 56.426000 
0.047000 0.047000 16.000000 51.000000 56.633000 
0.047000 0.047000 16.000000 51.000000 56.832000 
0.047000 0.049000 16.000000 51.000000 56.935000 
0.047000 0.047000 16.000000 51.000000 57.135000 
0.047000 0.050000 16.000000 51.000000 57.516000 
0.047000 0.049000 16.000000 51.000000 57.875000 
0.047000 0.047000 16.000000 51.000000 58.117000 
0.047000 0.049000 16.000000 51.000000 58.535000 
0.047000 0.048000 16.000000 51.000000 59.008000 
0.047000 0.047000 16.000000 51.000000 59.226000 
0.047000 0.046000 16.000000 51.000000 59.434000 
0.047000 0.047000 16.000000 51.000000 59.628000 
0.047000 0.048000 16.000000 51.000000 59.742000 
0.047000 0.049000 16.000000 52.000000 0.046000 
0.047000 0.048000 16.000000 52.000000 0.273000 
0.047000 0.049000 16.000000 52.000000 0.356000 
0.047000 0.050000 16.000000 52.000000 0.568000 
0.047000 0.047000 16.000000 52.000000 0.771000 
0.047000 0.050000 16.000000 52.000000 0.979000 
0.047000 0.050000 16.000000 52.000000 1.205000 
0.047000 0.048000 16.000000 52.000000 1.409000 
0.047000 0.050000 16.000000 52.000000 1.600000 
0.047000 0.048000 16.000000 52.000000 1.809000 
0.047000 0.047000 16.000000 52.000000 2.034000 
0.047000 0.047000 16.000000 52.000000 2.229000 
0.047000 0.049000 16.000000 52.000000 2.444000 
0.047000 0.047000 16.000000 52.000000 2.639000 
0.047000 0.048000 16.000000 52.000000 2.757000 
0.047000 0.050000 16.000000 52.000000 2.957000 
